//----------------------------------------------------------
RICH
CAVE
PGON
AIR$
  3
    0.000   360.000     6.000
 -849.000     0.000   790.000
  380.729     0.000   790.000
  962.000     0.000   192.203
0.000 0.000 -440.101
1.0000000  0.0000000  0.0000000  0.0000000  1.0000000  0.0000000  0.0000000  0.0000000  1.0000000  
//----------------------------------------------------------
RMET
RICH
PCON
RICH_GAS_N2_DIS$
    10.000     0.000     0.000
    0.000   360.000     0.000
    0.000   660.000   770.000
   22.978   660.000   770.000
   247.000   45.00   770.000
   342.500     45.000  770.00
  342.500    31.00   770.000
   355.500    31.00   770.000
    355.500    30.00   770.000
    368.500    30.00   770.000
    368.500    44.50   770.000
  371.500    44.500   770.000
0.000 0.000 0.000
1.0000000  0.0000000  0.0000000  0.0000000  1.0000000  0.0000000  0.0000000  0.0000000  1.0000000  
//----------------------------------------------------------
RFA1
RMET
PCON
ALUMINIUM$
    4.000     0.000     0.000
    0.000   360.000     0.000
    0.000   660.000   770.000
   20.000   660.000   770.000
   20.000   740.000   770.000
  370.000   740.000   770.000
0.000 0.000 0.000
1.0000000  0.0000000  0.0000000  0.0000000  1.0000000  0.0000000  0.0000000  0.0000000  1.0000000  
//----------------------------------------------------------
RFI1
RFA1
TUBE
AIR$
    0.000     0.000   215.000
  740.000   770.000
    0.000     0.000   290.000
0.000 0.000 0.000
1.0000000  0.0000000  0.0000000  0.0000000  1.0000000  0.0000000  0.0000000  0.0000000  1.0000000  
//----------------------------------------------------------
RFA2
RMET
PCON
ALUMINIUM$
    4.000     0.000     0.000
    0.000   360.000     0.000
  175.000   690.000   740.000
  313.000   690.000   740.000
  313.000   705.000   740.000
  370.000   705.000   740.000
0.000 0.000 0.000
1.0000000  0.0000000  0.0000000  0.0000000  1.0000000  0.0000000  0.0000000  0.0000000  1.0000000  
//----------------------------------------------------------
RSBO1
RMET
TUBS
IRON$
    0.000     0.000   -82.500
  677.5   687.5
    0.000     0.000    82.50
    3.5    56.5
0.000 0.000 224.3
1.0000000  0.0000000  0.0000000  0.0000000  1.0000000  0.0000000  0.0000000  0.0000000  1.0000000 
//----------------------------------------------------------
RSBO2
RMET
0.0 0.0 224.3
0.5000000  -0.8660254  0.0000000  0.8660254  0.5000000  0.0000000  0.0000000  0.0000000  1.0000000
//----------------------------------------------------------
RSBO3
RMET
0.0 0.0 224.3
-0.5000000  -0.8660254  0.0000000  0.8660254  -0.5000000  0.0000000  0.0000000  0.0000000  1.0000000
//----------------------------------------------------------
RSBO4
RMET
0.0 0.0 224.3
-1.0000000  0.0000000  0.0000000  0.0000000  -1.0000000  0.0000000  0.0000000  0.0000000  1.0000000
//----------------------------------------------------------
RSBO5
RMET
0.0 0.0 224.3
-0.5000000  0.8660254  0.0000000  -0.8660254  -0.5000000  0.0000000  0.0000000  0.0000000  1.0000000
//----------------------------------------------------------
RSBO6
RMET
0.0 0.0 224.3
0.5000000  0.8660254  0.0000000  -0.8660254  0.5000000  0.0000000  0.0000000  0.0000000  1.0000000
//----------------------------------------------------------
RSBI1
RMET
TUBS
IRON$
    0.000     0.000   -22.5
  615.0   625.0
    0.000     0.000    22.5
    3.5    56.5
0.000 0.000 309.3
1.0000000  0.0000000  0.0000000  0.0000000  1.0000000  0.0000000  0.0000000  0.0000000  1.0000000 
//----------------------------------------------------------
RSBI2
RMET
0.0 0.0 309.3
0.5000000  -0.8660254  0.0000000  0.8660254  0.5000000  0.0000000  0.0000000  0.0000000  1.0000000
//----------------------------------------------------------
RSBI3
RMET
0.0 0.0 309.3
-0.5000000  -0.8660254  0.0000000  0.8660254  -0.5000000  0.0000000  0.0000000  0.0000000  1.0000000
//----------------------------------------------------------
RSBI4
RMET
0.0 0.0 309.3
-1.0000000  0.0000000  0.0000000  0.0000000  -1.0000000  0.0000000  0.0000000  0.0000000  1.0000000
//----------------------------------------------------------
RSBI5
RMET
0.0 0.0 309.3
-0.5000000  0.8660254  0.0000000  -0.8660254  -0.5000000  0.0000000  0.0000000  0.0000000  1.0000000
//----------------------------------------------------------
RSBI6
RMET
0.0 0.0 309.3
0.5000000  0.8660254  0.0000000  -0.8660254  0.5000000  0.0000000  0.0000000  0.0000000  1.0000000
//----------------------------------------------------------
RWIN1
RMET
TRAP
STEEL$
    5.000     0.000     0.000
    5.000    25.000     0.000
   -5.000    25.000     0.000
   -5.000     0.000     0.000
    5.000     0.000   620.482
    5.000    20.000   620.482
   -5.000    20.000   620.482
   -5.000     0.000   620.482
704.982 0.000 370.000
0.0000000  0.0000000  -1.0000000  1.0000000  0.0000000  0.0000000  0.0000000  -1.0000000  0.0000000  
//----------------------------------------------------------
RWIN2
RMET
352.491 -610.533 370.000
0.8660250  0.0000000  -0.5000000  0.5000000  0.0000000  0.8660250  0.0000000  -1.0000000  0.0000000  
//----------------------------------------------------------
RWIN3
RMET
-352.491 -610.533 370.000
0.8660250  0.0000000  0.5000000  -0.5000000  0.0000000  0.8660250  0.0000000  -1.0000000  0.0000000  
//----------------------------------------------------------
RWIN4
RMET
-704.982 0.000 370.000
0.0000000  0.0000000  1.0000000  -1.0000000  0.0000000  0.0000000  0.0000000  -1.0000000  0.0000000  
//----------------------------------------------------------
RWIN5
RMET
-352.491 610.533 370.000
-0.8660250  0.0000000  0.5000000  -0.5000000  0.0000000  -0.8660250  0.0000000  -1.0000000  0.0000000  
//----------------------------------------------------------
RWIN6
RMET
352.491 610.533 370.000
-0.8660250  0.0000000  -0.5000000  0.5000000  0.0000000  -0.8660250  0.0000000  -1.0000000  0.0000000  
//----------------------------------------------------------
RMS3
RMET
PCON
ALUMINIUM$
    4.000     0.000     0.000
    0.000   360.000     0.000
  117.500    31.00     79.000
  130.500    31.00    79.000
  130.500    30.00    79.000
  143.500    30.000    79.000
0.000 0.000 225.000
1.0000000  0.0000000  0.0000000  0.0000000  1.0000000  0.0000000  0.0000000  0.0000000  1.0000000  
//----------------------------------------------------------
RSPH
RICH
PCON
C4F10_PMT$
   14.000     0.000     0.000
    0.000   360.000     0.000
  371.500    29.000   790.000
  379.000    29.000   790.000
  449.000    29.000   715.000
  449.000     0.000   711.242
  486.159     0.000   681.571
  608.907     0.000   555.334
  648.800     0.000   501.160
  687.400     0.000   439.034
  720.800     0.000   373.906
  748.700     0.000   306.380
  771.000     0.000   236.711
  787.500     0.000   165.518
  798.100     0.000    93.200
  801.800     0.000    47.000
0.000 0.000 0.000
1.0000000  0.0000000  0.0000000  0.0000000  1.0000000  0.0000000  0.0000000  0.0000000  1.0000000  
//----------------------------------------------------------
RFEN
RSPH
TUBE
CAF2_PMT$
    0.000     0.000    -2.500
   71.000   721.000
    0.000     0.000     2.500
0.000 0.000 374.000
1.0000000  0.0000000  0.0000000  0.0000000  1.0000000  0.0000000  0.0000000  0.0000000  1.0000000  
//----------------------------------------------------------
RWIU
RSPH
PCON
ALUMINIUM$
    4.000     0.000     0.000
    0.000   360.000     0.000
    0.000   722.000   732.000
    6.500   722.000   732.000
    6.500   707.000   732.000
   18.500   707.000   732.000
0.000 0.000 371.500
1.0000000  0.0000000  0.0000000  0.0000000  1.0000000  0.0000000  0.0000000  0.0000000  1.0000000  
//----------------------------------------------------------
RWIC1
RSPH
BOX 
STEEL$
  705.000    -5.000     0.000
  705.000     5.000     0.000
   84.000     5.000     0.000
   84.000    -5.000     0.000
  705.000    -5.000    12.000
  705.000     5.000    12.000
   84.000     5.000    12.000
   84.000    -5.000    12.000
0.000 0.000 378.000
1.0000000  0.0000000  0.0000000  0.0000000  1.0000000  0.0000000  0.0000000  0.0000000  1.0000000  
//----------------------------------------------------------
RWIC2
RSPH
0.000 0.000 378.000
0.5000000  0.8660250  0.0000000  -0.8660250  0.5000000  0.0000000  0.0000000  0.0000000  1.0000000  
//----------------------------------------------------------
RWIC3
RSPH
0.000 0.000 378.000
-0.5000000  0.8660250  0.0000000  -0.8660250  -0.5000000  0.0000000  0.0000000  0.0000000  1.0000000  
//----------------------------------------------------------
RWIC4
RSPH
0.000 0.000 378.000
-1.0000000  0.0000000  0.0000000  0.0000000  -1.0000000  0.0000000  0.0000000  0.0000000  1.0000000  
//----------------------------------------------------------
RWIC5
RSPH
0.000 0.000 378.000
-0.5000000  -0.8660250  0.0000000  0.8660250  -0.5000000  0.0000000  0.0000000  0.0000000  1.0000000  
//----------------------------------------------------------
RWIC6
RSPH
0.000 0.000 378.000
0.5000000  -0.8660250  0.0000000  0.8660250  0.5000000  0.0000000  0.0000000  0.0000000  1.0000000  
//----------------------------------------------------------
RBT2
RSPH
PCON
CARBON$
    3.000     0.000     0.000
    0.000   360.000     0.000
  449.000     0.000     9.354
  801.598     0.000    49.520
  801.800     0.000    47.000
0.000 0.000 0.000
1.0000000  0.0000000  0.0000000  0.0000000  1.0000000  0.0000000  0.0000000  0.0000000  1.0000000  
//----------------------------------------------------------
RBI2
RBT2
PCON
AIR_100MBAR$
    3.000     0.000     0.000
    0.000   360.000     0.000
    0.000     0.000     8.354
  352.678     0.000    48.529
  352.800     0.000    47.000
0.000 0.000 449.000
1.0000000  0.0000000  0.0000000  0.0000000  1.0000000  0.0000000  0.0000000  0.0000000  1.0000000  
//----------------------------------------------------------
RSS1
RSPH
PCON
STEEL$
    4.000     0.000     0.000
    0.000   360.000     0.000
    0.000    30.000    59.500
    8.000    30.000    59.500
    8.000    30.000    79.000
   20.000    30.000    79.000
0.000 0.000 371.500
1.0000000  0.0000000  0.0000000  0.0000000  1.0000000  0.0000000  0.0000000  0.0000000  1.0000000  
//----------------------------------------------------------
RMIP
RSPH
PCON
ALUMINIUM$
    4.000     0.000     0.000
    0.000   360.000     0.000
  371.500   770.000   790.000
  379.000   770.000   790.000
  379.000   786.000   790.000
  449.000   711.000   715.000
0.000 0.000 0.000
1.0000000  0.0000000  0.0000000  0.0000000  1.0000000  0.0000000  0.0000000  0.0000000  1.0000000  
//----------------------------------------------------------
RMIR
RSPH
SPHE
RICHMIRROR_PMT$
  871.000   873.000
    4.500    55.000
    0.000   360.000
0.000 0.000 -88.500
1.0000000  0.0000000  0.0000000  0.0000000  1.0000000  0.0000000  0.0000000  0.0000000  1.0000000  
//----------------------------------------------------------
RMR1
RSPH
TUBE
ALUMINIUM$
    0.000     0.000   781.808
   55.000    80.000
    0.000     0.000   791.800
0.000 0.000 0.000
1.0000000  0.0000000  0.0000000  0.0000000  1.0000000  0.0000000  0.0000000  0.0000000  1.0000000  
//----------------------------------------------------------
RMR2
RSPH
CONE
ALUMINIUM$
    0.000     0.000   395.000
  737.000   750.000
    0.000     0.000   410.500
  713.500   729.500
0.000 0.000 0.000
1.0000000  0.0000000  0.0000000  0.0000000  1.0000000  0.0000000  0.0000000  0.0000000  1.0000000  
//----------------------------------------------------------
RMR3
RSPH
TUBE
ALUMINIUM$
    0.000     0.000   371.500
  737.000   757.000
    0.000     0.000   395.000
0.000 0.000 0.000
1.0000000  0.0000000  0.0000000  0.0000000  1.0000000  0.0000000  0.0000000  0.0000000  1.0000000  
//----------------------------------------------------------
RMRS1
RSPH
TUBS
C4F10_PMT$
    0.000     0.000   -25.000
  873.000   879.000
    0.000     0.000    25.000
    5.270    55.000
0.000 0.000 -88.500
0.0000000  1.0000000  0.0000000  0.0000000  0.0000000  1.0000000  1.0000000  0.0000000  0.0000000  
//----------------------------------------------------------
RM01
RMRS1
TUBS
ALUMINIUM$
    0.000     0.000   -15.000
  873.000   879.000
    0.000     0.000    15.000
    5.270     9.400
0.000 0.000 0.000
1.0000000  0.0000000  0.0000000  0.0000000  1.0000000  0.0000000  0.0000000  0.0000000  1.0000000  
//----------------------------------------------------------
RM02
RMRS1
TUBS
ALUMINIUM$
    0.000     0.000   -16.000
  873.000   879.000
    0.000     0.000    16.000
    9.400    13.300
0.000 0.000 0.000
1.0000000  0.0000000  0.0000000  0.0000000  1.0000000  0.0000000  0.0000000  0.0000000  1.0000000  
//----------------------------------------------------------
RM03
RMRS1
TUBS
ALUMINIUM$
    0.000     0.000   -17.000
  873.000   879.000
    0.000     0.000    17.000
   13.300    17.500
0.000 0.000 0.000
1.0000000  0.0000000  0.0000000  0.0000000  1.0000000  0.0000000  0.0000000  0.0000000  1.0000000  
//----------------------------------------------------------
RM04
RMRS1
TUBS
ALUMINIUM$
    0.000     0.000   -18.000
  873.000   879.000
    0.000     0.000    18.000
   17.500    21.700
0.000 0.000 0.000
1.0000000  0.0000000  0.0000000  0.0000000  1.0000000  0.0000000  0.0000000  0.0000000  1.0000000  
//----------------------------------------------------------
RM05
RMRS1
TUBS
ALUMINIUM$
    0.000     0.000   -19.000
  873.000   879.000
    0.000     0.000    19.000
   21.700    25.900
0.000 0.000 0.000
1.0000000  0.0000000  0.0000000  0.0000000  1.0000000  0.0000000  0.0000000  0.0000000  1.0000000  
//----------------------------------------------------------
RM06
RMRS1
TUBS
ALUMINIUM$
    0.000     0.000   -20.000
  873.000   879.000
    0.000     0.000    20.000
   25.900    34.200
0.000 0.000 0.000
1.0000000  0.0000000  0.0000000  0.0000000  1.0000000  0.0000000  0.0000000  0.0000000  1.0000000  
//----------------------------------------------------------
RM07
RMRS1
TUBS
ALUMINIUM$
    0.000     0.000   -21.000
  873.000   879.000
    0.000     0.000    21.000
   34.200    38.300
0.000 0.000 0.000
1.0000000  0.0000000  0.0000000  0.0000000  1.0000000  0.0000000  0.0000000  0.0000000  1.0000000  
//----------------------------------------------------------
RM08
RMRS1
TUBS
ALUMINIUM$
    0.000     0.000   -22.000
  873.000   879.000
    0.000     0.000    22.000
   38.300    42.500
0.000 0.000 0.000
1.0000000  0.0000000  0.0000000  0.0000000  1.0000000  0.0000000  0.0000000  0.0000000  1.0000000  
//----------------------------------------------------------
RM09
RMRS1
TUBS
ALUMINIUM$
    0.000     0.000   -23.000
  873.000   879.000
    0.000     0.000    23.000
   42.500    46.700
0.000 0.000 0.000
1.0000000  0.0000000  0.0000000  0.0000000  1.0000000  0.0000000  0.0000000  0.0000000  1.0000000  
//----------------------------------------------------------
RM10
RMRS1
TUBS
ALUMINIUM$
    0.000     0.000   -24.000
  873.000   879.000
    0.000     0.000    24.000
   46.700    50.900
0.000 0.000 0.000
1.0000000  0.0000000  0.0000000  0.0000000  1.0000000  0.0000000  0.0000000  0.0000000  1.0000000  
//----------------------------------------------------------
RM11
RMRS1
TUBS
ALUMINIUM$
    0.000     0.000   -25.000
  873.000   879.000
    0.000     0.000    25.000
   50.900    55.000
0.000 0.000 0.000
1.0000000  0.0000000  0.0000000  0.0000000  1.0000000  0.0000000  0.0000000  0.0000000  1.0000000  
//----------------------------------------------------------
RMRS2
RSPH
0.000 0.000 -88.500
0.0000000  0.5000000  -0.8660250  0.0000000  0.8660250  0.5000000  1.0000000  0.0000000  0.0000000  
//----------------------------------------------------------
RMRS3
RSPH
0.000 0.000 -88.500
0.0000000  -0.5000000  -0.8660250  0.0000000  0.8660250  -0.5000000  1.0000000  0.0000000  0.0000000  
//----------------------------------------------------------
RMRS4
RSPH
0.000 0.000 -88.500
0.0000000  -1.0000000  0.0000000  0.0000000  0.0000000  -1.0000000  1.0000000  0.0000000  0.0000000  
//----------------------------------------------------------
RMRS5
RSPH
0.000 0.000 -88.500
0.0000000  -0.5000000  0.8660250  0.0000000  -0.8660250  -0.5000000  1.0000000  0.0000000  0.0000000  
//----------------------------------------------------------
RMRS6
RSPH
0.000 0.000 -88.500
0.0000000  0.5000000  0.8660250  0.0000000  -0.8660250  0.5000000  1.0000000  0.0000000  0.0000000  
//----------------------------------------------------------
RSHE
RSPH
PCON
CFKSHELL$
   10.000     0.000     0.000
    0.000   360.000     0.000
  449.000   710.615   711.242
  486.159   680.917   681.571
  608.907   554.531   555.334
  648.800   500.270   501.160
  687.400   438.018   439.034
  720.800   372.712   373.906
  748.700   304.921   306.380
  771.000   234.821   236.711
  787.500   162.804   165.518
  798.100    88.289    93.200
0.000 0.000 0.000
1.0000000  0.0000000  0.0000000  0.0000000  1.0000000  0.0000000  0.0000000  0.0000000  1.0000000  
//----------------------------------------------------------
RCT1
RICH
PCON
ALUMINIUM$
    6.000     0.000     0.000
    0.000    360.000    0.000
    0.000    35.750     44.500
    2.000    35.750     44.500
    2.000    32.000     44.500
    8.000    32.000     44.500
    8.000    31.000     44.500
    55.0     31.000     44.500
0.000 0.000 225.000
1.0000000  0.0000000  0.0000000  0.0000000  1.0000000  0.0000000  0.0000000  0.0000000  1.0000000  
//----------------------------------------------------------
RCT2
RICH
PCON
CARBON$
    2.000     0.000     0.000
    0.000    360.000    0.000 
    12.000   30.000     31.00
    130.50   30.000     31.00
0.000 0.000 225.000
1.0000000  0.0000000  0.0000000  0.0000000  1.0000000  0.0000000  0.0000000  0.0000000  1.0000000  
//----------------------------------------------------------
RIS4
RICH
PCON
STEEL$
    4.000     0.000     0.000
    0.000   360.000     0.000
  214.600    33.000    45.000
  221.600    33.000    45.000
  221.600    36.000    45.000
  224.600    36.000    45.000
0.000 0.000 0.000
1.0000000  0.0000000  0.0000000  0.0000000  1.0000000  0.0000000  0.0000000  0.0000000  1.0000000  
//----------------------------------------------------------
RIS7
RICH
PCON
ALUMINIUM$
    2.000     0.000     0.000
    0.000   360.000     0.000
    9.000    31.000    44.500
   12.000    31.000    44.500
0.000 0.000 359.500
1.0000000  0.0000000  0.0000000  0.0000000  1.0000000  0.0000000  0.0000000  0.0000000  1.0000000  
//----------------------------------------------------------
RTAM
RICH
PCON
AIR_100MBAR$
   14.000     0.000     0.000
    0.000   360.000     0.000
 -849.000     0.000    55.000
 -437.000     0.000    55.000
 -437.000     0.000    52.000
   41.000     0.000    52.000
   41.000     0.000    30.000
  102.000     0.000    30.000
  102.000     0.000    28.000
  362.300     0.000    28.000
  362.300     0.000    22.000
  382.300     0.000    22.000
  382.300     0.000    28.000
  398.800     0.000    28.000
  445.890     0.000     8.000
  449.000     0.000     8.354
0.000 0.000 0.000
1.0000000  0.0000000  0.0000000  0.0000000  1.0000000  0.0000000  0.0000000  0.0000000  1.0000000  
//----------------------------------------------------------
RBT4
RICH
PCON
ALUMINIUM$
    4.000     0.000     0.000
    0.000   360.000     0.000
   -2.931   113.200   113.200
    0.000    93.200   113.200
    3.700    47.000    92.000
   23.700    50.000    92.000
0.000 0.000 798.100
1.0000000  0.0000000  0.0000000  0.0000000  1.0000000  0.0000000  0.0000000  0.0000000  1.0000000  
//----------------------------------------------------------
RBT5
RICH
TUBE
ALUMINIUM$
    0.000     0.000   344.000
  770.000   790.000
    0.000     0.000   371.500
0.000 0.000 0.000
1.0000000  0.0000000  0.0000000  0.0000000  1.0000000  0.0000000  0.0000000  0.0000000  1.0000000  
//----------------------------------------------------------
RMSH1
RICH
PCON
CFKSHELL$
   10.000     0.000     0.000
   -0.961     0.961     0.000
  449.000   711.242   714.374
  486.159   681.571   684.838
  608.907   555.334   559.338
  648.800   501.160   505.593
  687.400   439.034   444.089
  720.800   373.906   379.828
  748.700   306.380   313.580
  771.000   236.711   245.959
  787.500   165.518   178.494
  798.100    93.200   109.200
0.000 0.000 0.000
1.0000000  0.0000000  0.0000000  0.0000000  1.0000000  0.0000000  0.0000000  0.0000000  1.0000000  
//----------------------------------------------------------
RMSH2
RICH
0.000 0.000 0.000
0.5000000  0.8660250  0.0000000  -0.8660250  0.5000000  0.0000000  0.0000000  0.0000000  1.0000000  
//----------------------------------------------------------
RMSH3
RICH
0.000 0.000 0.000
-0.5000000  0.8660250  0.0000000  -0.8660250  -0.5000000  0.0000000  0.0000000  0.0000000  1.0000000  
//----------------------------------------------------------
RMSH4
RICH
0.000 0.000 0.000
-1.0000000  0.0000000  0.0000000  0.0000000  -1.0000000  0.0000000  0.0000000  0.0000000  1.0000000  
//----------------------------------------------------------
RMSH5
RICH
0.000 0.000 0.000
-0.5000000  -0.8660250  0.0000000  0.8660250  -0.5000000  0.0000000  0.0000000  0.0000000  1.0000000  
//----------------------------------------------------------
RMSH6
RICH
0.000 0.000 0.000
0.5000000  -0.8660250  0.0000000  0.8660250  0.5000000  0.0000000  0.0000000  0.0000000  1.0000000  
//----------------------------------------------------------
RSP3
RICH
PCON
C4F10_PMT$
    4.000     0.000     0.000
    0.000   360.000     0.000
  370.980    28.000    29.000
  398.800    28.000    29.000
  445.890     8.000    29.000
  449.000     8.354    29.000
0.000 0.000 0.000
1.0000000  0.0000000  0.0000000  0.0000000  1.0000000  0.0000000  0.0000000  0.0000000  1.0000000  
//----------------------------------------------------------
RBT3
RSP3
PCON
CARBON$
    4.000     0.000     0.000
    0.000   360.000     0.000
  370.980    28.000    29.000
  398.800    28.000    29.000
  445.890     8.000     9.000
  449.000     8.354     9.354
0.000 0.000 0.000
1.0000000  0.0000000  0.0000000  0.0000000  1.0000000  0.0000000  0.0000000  0.0000000  1.0000000  
//----------------------------------------------------------
RBI3
RICH
TUBE
AIR_100MBAR$
    0.000     0.000   380.980
   24.000    28.000
    0.000     0.000   382.300
0.000 0.000 0.000
1.0000000  0.0000000  0.0000000  0.0000000  1.0000000  0.0000000  0.0000000  0.0000000  1.0000000  
//----------------------------------------------------------
RBT6
RICH
PCON
ALUMINIUM$
   14.000     0.000     0.000
    0.000   360.000     0.000
  179.300    32.000    45.000
  188.300    28.500    45.000
  188.300    28.500    31.500
  221.600    28.500    31.500
  221.600    28.500    36.000
  224.900    28.500    36.000
  224.900    28.500    32.000
  230.900    28.500    32.000
  230.900    28.500    29.500
  362.300    28.500    29.500
  362.300    22.000    29.500
  364.300    22.000    29.500
  364.300    22.000    24.000
  382.300    22.000    24.000
0.000 0.000 0.000
1.0000000  0.0000000  0.0000000  0.0000000  1.0000000  0.0000000  0.0000000  0.0000000  1.0000000  
//----------------------------------------------------------
RBI4
RICH
PCON
AIR_100MBAR$
    4.000     0.000     0.000
    0.000   360.000     0.000
    3.700     0.000    47.000
   23.700     0.000    50.000
   23.700     0.000    60.000
  153.700     0.000    60.000
0.000 0.000 798.100
1.0000000  0.0000000  0.0000000  0.0000000  1.0000000  0.0000000  0.0000000  0.0000000  1.0000000  
//----------------------------------------------------------
RBI5
RICH
TUBE
KAPTON$
    0.000     0.000   130.000
    0.000    60.000
    0.000     0.000   130.100
0.000 0.000 821.800
1.0000000  0.0000000  0.0000000  0.0000000  1.0000000  0.0000000  0.0000000  0.0000000  1.0000000  
//----------------------------------------------------------
RBT7
RICH
PCON
ALUMINIUM$
    4.000     0.000     0.000
    0.000   360.000     0.000
  365.980    24.000    29.000
  370.980    24.000    29.000
  370.980    24.000    28.000
  380.980    24.000    28.000
0.000 0.000 0.000
1.0000000  0.0000000  0.0000000  0.0000000  1.0000000  0.0000000  0.0000000  0.0000000  1.0000000  
//----------------------------------------------------------
RBT8
RICH
PCON
ALUMINIUM$
    3.000     0.000     0.000
    0.000   360.000     0.000
    0.000    67.000   104.000
    4.000    67.000   104.000
   10.000    67.000    87.500
0.000 0.000 821.800
1.0000000  0.0000000  0.0000000  0.0000000  1.0000000  0.0000000  0.0000000  0.0000000  1.0000000  
//----------------------------------------------------------
RVSH
RICH
PCON
POLYPROPYLEN$
    4.000     0.000     0.000
    0.000   360.000     0.000
    0.000    60.000    67.000
  122.000    60.000    67.000
  122.000    60.000    75.000
  138.000    60.000    75.000
0.000 0.000 821.800
1.0000000  0.0000000  0.0000000  0.0000000  1.0000000  0.0000000  0.0000000  0.0000000  1.0000000  
//----------------------------------------------------------
RSHI1
RICH
PGON
POLYPROPYLEN$
  3
   80.590    18.820     1.000
    0.000    93.648   415.648
    3.000    93.648   415.648
    5.000    93.648   365.648
0.000 0.000 863.830
1.0000000  0.0000000  0.0000000  0.0000000  0.9396926  0.3420201  0.0000000  -0.3420201  0.9396926  
//----------------------------------------------------------
RSHI2
RICH
0.000 0.000 863.830
0.9396926  0.3213938  0.1169778  -0.3420201  0.8830222  0.3213938  0.0000000  -0.3420201  0.9396926  
//----------------------------------------------------------
RSHI3
RICH
0.000 0.000 863.830
0.7660444  0.6040228  0.2198463  -0.6427876  0.7198463  0.2620026  0.0000000  -0.3420201  0.9396926  
//----------------------------------------------------------
RSHI4
RICH
0.000 0.000 863.830
0.5000000  0.8137977  0.2961981  -0.8660254  0.4698463  0.1710101  0.0000000  -0.3420201  0.9396926  
//----------------------------------------------------------
RSHI5
RICH
0.000 0.000 863.830
0.1736482  0.9254166  0.3368241  -0.9848078  0.1631759  0.0593912  0.0000000  -0.3420201  0.9396926  
//----------------------------------------------------------
RSHI6
RICH
0.000 0.000 863.830
-0.1736482  0.9254166  0.3368241  -0.9848078  -0.1631759  -0.0593912  0.0000000  -0.3420201  0.9396926  
//----------------------------------------------------------
RSHI7
RICH
0.000 0.000 863.830
-0.5000000  0.8137977  0.2961981  -0.8660254  -0.4698463  -0.1710101  0.0000000  -0.3420201  0.9396926  
//----------------------------------------------------------
RSHI8
RICH
0.000 0.000 863.830
-0.7660444  0.6040228  0.2198463  -0.6427876  -0.7198463  -0.2620026  0.0000000  -0.3420201  0.9396926  
//----------------------------------------------------------
RSHI9
RICH
0.000 0.000 863.830
-0.9396926  0.3213938  0.1169778  -0.3420201  -0.8830222  -0.3213938  0.0000000  -0.3420201  0.9396926  
//----------------------------------------------------------
RSHI10
RICH
0.000 0.000 863.830
-1.0000000  0.0000000  0.0000000  0.0000000  -0.9396926  -0.3420201  0.0000000  -0.3420201  0.9396926  
//----------------------------------------------------------
RSHI11
RICH
0.000 0.000 863.830
-0.9396926  -0.3213938  -0.1169778  0.3420201  -0.8830222  -0.3213938  0.0000000  -0.3420201  0.9396926  
//----------------------------------------------------------
RSHI12
RICH
0.000 0.000 863.830
-0.7660444  -0.6040228  -0.2198463  0.6427876  -0.7198463  -0.2620026  0.0000000  -0.3420201  0.9396926  
//----------------------------------------------------------
RSHI13
RICH
0.000 0.000 863.830
-0.5000000  -0.8137977  -0.2961981  0.8660254  -0.4698463  -0.1710101  0.0000000  -0.3420201  0.9396926  
//----------------------------------------------------------
RSHI14
RICH
0.000 0.000 863.830
-0.1736482  -0.9254166  -0.3368241  0.9848078  -0.1631759  -0.0593912  0.0000000  -0.3420201  0.9396926  
//----------------------------------------------------------
RSHI15
RICH
0.000 0.000 863.830
0.1736482  -0.9254166  -0.3368241  0.9848078  0.1631759  0.0593912  0.0000000  -0.3420201  0.9396926  
//----------------------------------------------------------
RSHI16
RICH
0.000 0.000 863.830
0.5000000  -0.8137977  -0.2961981  0.8660254  0.4698463  0.1710101  0.0000000  -0.3420201  0.9396926  
//----------------------------------------------------------
RSHI17
RICH
0.000 0.000 863.830
0.7660444  -0.6040228  -0.2198463  0.6427876  0.7198463  0.2620026  0.0000000  -0.3420201  0.9396926  
//----------------------------------------------------------
RSHI18
RICH
0.000 0.000 863.830
0.9396926  -0.3213938  -0.1169778  0.3420201  0.8830222  0.3213938  0.0000000  -0.3420201  0.9396926  
//----------------------------------------------------------
RPMT9
RMET
BOX
RICH_GAS_N2_DIS$
26 -26 -26.85
26 26 -26.85
-26 26 -26.85
-26 -26 -26.85
26 -26 26.85
26 26 26.85
-26 26 26.85
-26 -26 26.85
-185.5 -609.5 173.65
1.0000000  0.0000000  0.0000000  0.0000000  1.0000000  0.0000000  0.0000000  0.0000000  1.0000000
//----------------------------------------------------------
RDET
RPMT9
BOX
RICHPHOTDET_PMT$
26 -26 -1
26 26 -1
-26 26 -1
-26 -26 -1
26 -26 1
26 26 1
-26 26 1
-26 -26 1
0 0 25.85
1.0000000  0.0000000  0.0000000  0.0000000  1.0000000  0.0000000  0.0000000  0.0000000  1.0000000
//----------------------------------------------------------
RELE
RPMT9
BOX
ALUMINIUM$
26 -26 -5
26 26 -5
-26 26 -5
-26 -26 -5
26 -26 5
26 26 5
-26 26 5
-26 -26 5
0 0 -21.85
1.0000000  0.0000000  0.0000000  0.0000000  1.0000000  0.0000000  0.0000000  0.0000000  1.0000000
//----------------------------------------------------------
RPMT10
RMET
-132.5 -609.5 173.65
1.0000000  0.0000000  0.0000000  0.0000000  1.0000000  0.0000000  0.0000000  0.0000000  1.0000000
//----------------------------------------------------------
RPMT11
RMET
-79.5 -609.5 173.65
1.0000000  0.0000000  0.0000000  0.0000000  1.0000000  0.0000000  0.0000000  0.0000000  1.0000000
//----------------------------------------------------------
RPMT12
RMET
-26.5 -609.5 173.65
1.0000000  0.0000000  0.0000000  0.0000000  1.0000000  0.0000000  0.0000000  0.0000000  1.0000000
//----------------------------------------------------------
RPMT13
RMET
26.5 -609.5 173.65
1.0000000  0.0000000  0.0000000  0.0000000  1.0000000  0.0000000  0.0000000  0.0000000  1.0000000
//----------------------------------------------------------
RPMT14
RMET
79.5 -609.5 173.65
1.0000000  0.0000000  0.0000000  0.0000000  1.0000000  0.0000000  0.0000000  0.0000000  1.0000000
//----------------------------------------------------------
RPMT15
RMET
132.5 -609.5 173.65
1.0000000  0.0000000  0.0000000  0.0000000  1.0000000  0.0000000  0.0000000  0.0000000  1.0000000
//----------------------------------------------------------
RPMT16
RMET
185.5 -609.5 173.65
1.0000000  0.0000000  0.0000000  0.0000000  1.0000000  0.0000000  0.0000000  0.0000000  1.0000000
//----------------------------------------------------------
RPMT33
RMET
-185.5 -556.5 173.65
1.0000000  0.0000000  0.0000000  0.0000000  1.0000000  0.0000000  0.0000000  0.0000000  1.0000000
//----------------------------------------------------------
RPMT34
RMET
-132.5 -556.5 173.65
1.0000000  0.0000000  0.0000000  0.0000000  1.0000000  0.0000000  0.0000000  0.0000000  1.0000000
//----------------------------------------------------------
RPMT35
RMET
-79.5 -556.5 173.65
1.0000000  0.0000000  0.0000000  0.0000000  1.0000000  0.0000000  0.0000000  0.0000000  1.0000000
//----------------------------------------------------------
RPMT36
RMET
-26.5 -556.5 173.65
1.0000000  0.0000000  0.0000000  0.0000000  1.0000000  0.0000000  0.0000000  0.0000000  1.0000000
//----------------------------------------------------------
RPMT37
RMET
26.5 -556.5 173.65
1.0000000  0.0000000  0.0000000  0.0000000  1.0000000  0.0000000  0.0000000  0.0000000  1.0000000
//----------------------------------------------------------
RPMT38
RMET
79.5 -556.5 173.65
1.0000000  0.0000000  0.0000000  0.0000000  1.0000000  0.0000000  0.0000000  0.0000000  1.0000000
//----------------------------------------------------------
RPMT39
RMET
132.5 -556.5 173.65
1.0000000  0.0000000  0.0000000  0.0000000  1.0000000  0.0000000  0.0000000  0.0000000  1.0000000
//----------------------------------------------------------
RPMT40
RMET
185.5 -556.5 173.65
1.0000000  0.0000000  0.0000000  0.0000000  1.0000000  0.0000000  0.0000000  0.0000000  1.0000000
//----------------------------------------------------------
RPMT55
RMET
-291.5 -503.5 173.65
1.0000000  0.0000000  0.0000000  0.0000000  1.0000000  0.0000000  0.0000000  0.0000000  1.0000000
//----------------------------------------------------------
RPMT56
RMET
-238.5 -503.5 173.65
1.0000000  0.0000000  0.0000000  0.0000000  1.0000000  0.0000000  0.0000000  0.0000000  1.0000000
//----------------------------------------------------------
RPMT57
RMET
-185.5 -503.5 173.65
1.0000000  0.0000000  0.0000000  0.0000000  1.0000000  0.0000000  0.0000000  0.0000000  1.0000000
//----------------------------------------------------------
RPMT58
RMET
-132.5 -503.5 173.65
1.0000000  0.0000000  0.0000000  0.0000000  1.0000000  0.0000000  0.0000000  0.0000000  1.0000000
//----------------------------------------------------------
RPMT59
RMET
-79.5 -503.5 173.65
1.0000000  0.0000000  0.0000000  0.0000000  1.0000000  0.0000000  0.0000000  0.0000000  1.0000000
//----------------------------------------------------------
RPMT60
RMET
-26.5 -503.5 173.65
1.0000000  0.0000000  0.0000000  0.0000000  1.0000000  0.0000000  0.0000000  0.0000000  1.0000000
//----------------------------------------------------------
RPMT61
RMET
26.5 -503.5 173.65
1.0000000  0.0000000  0.0000000  0.0000000  1.0000000  0.0000000  0.0000000  0.0000000  1.0000000
//----------------------------------------------------------
RPMT62
RMET
79.5 -503.5 173.65
1.0000000  0.0000000  0.0000000  0.0000000  1.0000000  0.0000000  0.0000000  0.0000000  1.0000000
//----------------------------------------------------------
RPMT63
RMET
132.5 -503.5 173.65
1.0000000  0.0000000  0.0000000  0.0000000  1.0000000  0.0000000  0.0000000  0.0000000  1.0000000
//----------------------------------------------------------
RPMT64
RMET
185.5 -503.5 173.65
1.0000000  0.0000000  0.0000000  0.0000000  1.0000000  0.0000000  0.0000000  0.0000000  1.0000000
//----------------------------------------------------------
RPMT65
RMET
238.5 -503.5 173.65
1.0000000  0.0000000  0.0000000  0.0000000  1.0000000  0.0000000  0.0000000  0.0000000  1.0000000
//----------------------------------------------------------
RPMT66
RMET
291.5 -503.5 173.65
1.0000000  0.0000000  0.0000000  0.0000000  1.0000000  0.0000000  0.0000000  0.0000000  1.0000000
//----------------------------------------------------------
RPMT77
RMET
-397.5 -450.5 173.65
1.0000000  0.0000000  0.0000000  0.0000000  1.0000000  0.0000000  0.0000000  0.0000000  1.0000000
//----------------------------------------------------------
RPMT78
RMET
-344.5 -450.5 173.65
1.0000000  0.0000000  0.0000000  0.0000000  1.0000000  0.0000000  0.0000000  0.0000000  1.0000000
//----------------------------------------------------------
RPMT79
RMET
-291.5 -450.5 173.65
1.0000000  0.0000000  0.0000000  0.0000000  1.0000000  0.0000000  0.0000000  0.0000000  1.0000000
//----------------------------------------------------------
RPMT80
RMET
-238.5 -450.5 173.65
1.0000000  0.0000000  0.0000000  0.0000000  1.0000000  0.0000000  0.0000000  0.0000000  1.0000000
//----------------------------------------------------------
RPMT81
RMET
-185.5 -450.5 173.65
1.0000000  0.0000000  0.0000000  0.0000000  1.0000000  0.0000000  0.0000000  0.0000000  1.0000000
//----------------------------------------------------------
RPMT82
RMET
-132.5 -450.5 173.65
1.0000000  0.0000000  0.0000000  0.0000000  1.0000000  0.0000000  0.0000000  0.0000000  1.0000000
//----------------------------------------------------------
RPMT83
RMET
-79.5 -450.5 173.65
1.0000000  0.0000000  0.0000000  0.0000000  1.0000000  0.0000000  0.0000000  0.0000000  1.0000000
//----------------------------------------------------------
RPMT84
RMET
-26.5 -450.5 173.65
1.0000000  0.0000000  0.0000000  0.0000000  1.0000000  0.0000000  0.0000000  0.0000000  1.0000000
//----------------------------------------------------------
RPMT85
RMET
26.5 -450.5 173.65
1.0000000  0.0000000  0.0000000  0.0000000  1.0000000  0.0000000  0.0000000  0.0000000  1.0000000
//----------------------------------------------------------
RPMT86
RMET
79.5 -450.5 173.65
1.0000000  0.0000000  0.0000000  0.0000000  1.0000000  0.0000000  0.0000000  0.0000000  1.0000000
//----------------------------------------------------------
RPMT87
RMET
132.5 -450.5 173.65
1.0000000  0.0000000  0.0000000  0.0000000  1.0000000  0.0000000  0.0000000  0.0000000  1.0000000
//----------------------------------------------------------
RPMT88
RMET
185.5 -450.5 173.65
1.0000000  0.0000000  0.0000000  0.0000000  1.0000000  0.0000000  0.0000000  0.0000000  1.0000000
//----------------------------------------------------------
RPMT89
RMET
238.5 -450.5 173.65
1.0000000  0.0000000  0.0000000  0.0000000  1.0000000  0.0000000  0.0000000  0.0000000  1.0000000
//----------------------------------------------------------
RPMT90
RMET
291.5 -450.5 173.65
1.0000000  0.0000000  0.0000000  0.0000000  1.0000000  0.0000000  0.0000000  0.0000000  1.0000000
//----------------------------------------------------------
RPMT91
RMET
344.5 -450.5 173.65
1.0000000  0.0000000  0.0000000  0.0000000  1.0000000  0.0000000  0.0000000  0.0000000  1.0000000
//----------------------------------------------------------
RPMT92
RMET
397.5 -450.5 173.65
1.0000000  0.0000000  0.0000000  0.0000000  1.0000000  0.0000000  0.0000000  0.0000000  1.0000000
//----------------------------------------------------------
RPMT101
RMET
-397.5 -397.5 173.65
1.0000000  0.0000000  0.0000000  0.0000000  1.0000000  0.0000000  0.0000000  0.0000000  1.0000000
//----------------------------------------------------------
RPMT102
RMET
-344.5 -397.5 173.65
1.0000000  0.0000000  0.0000000  0.0000000  1.0000000  0.0000000  0.0000000  0.0000000  1.0000000
//----------------------------------------------------------
RPMT103
RMET
-291.5 -397.5 173.65
1.0000000  0.0000000  0.0000000  0.0000000  1.0000000  0.0000000  0.0000000  0.0000000  1.0000000
//----------------------------------------------------------
RPMT104
RMET
-238.5 -397.5 173.65
1.0000000  0.0000000  0.0000000  0.0000000  1.0000000  0.0000000  0.0000000  0.0000000  1.0000000
//----------------------------------------------------------
RPMT105
RMET
-185.5 -397.5 173.65
1.0000000  0.0000000  0.0000000  0.0000000  1.0000000  0.0000000  0.0000000  0.0000000  1.0000000
//----------------------------------------------------------
RPMT106
RMET
-132.5 -397.5 173.65
1.0000000  0.0000000  0.0000000  0.0000000  1.0000000  0.0000000  0.0000000  0.0000000  1.0000000
//----------------------------------------------------------
RPMT107
RMET
-79.5 -397.5 173.65
1.0000000  0.0000000  0.0000000  0.0000000  1.0000000  0.0000000  0.0000000  0.0000000  1.0000000
//----------------------------------------------------------
RPMT108
RMET
-26.5 -397.5 173.65
1.0000000  0.0000000  0.0000000  0.0000000  1.0000000  0.0000000  0.0000000  0.0000000  1.0000000
//----------------------------------------------------------
RPMT109
RMET
26.5 -397.5 173.65
1.0000000  0.0000000  0.0000000  0.0000000  1.0000000  0.0000000  0.0000000  0.0000000  1.0000000
//----------------------------------------------------------
RPMT110
RMET
79.5 -397.5 173.65
1.0000000  0.0000000  0.0000000  0.0000000  1.0000000  0.0000000  0.0000000  0.0000000  1.0000000
//----------------------------------------------------------
RPMT111
RMET
132.5 -397.5 173.65
1.0000000  0.0000000  0.0000000  0.0000000  1.0000000  0.0000000  0.0000000  0.0000000  1.0000000
//----------------------------------------------------------
RPMT112
RMET
185.5 -397.5 173.65
1.0000000  0.0000000  0.0000000  0.0000000  1.0000000  0.0000000  0.0000000  0.0000000  1.0000000
//----------------------------------------------------------
RPMT113
RMET
238.5 -397.5 173.65
