//----------------------------------------------------------
CKIV1
SEC1
PGON
ALUMINIUM$
  5
   60.000    60.000     1.000
 -288.000  1041.829  1580.496
 -139.145  1041.829  1580.496
  188.850   803.480  1580.496
 1128.258   120.829   766.945
 1530.000   163.549   419.026
0.000 0.000 0.000
1.0000000  0.0000000  0.0000000  0.0000000  1.0000000  0.0000000  0.0000000  0.0000000  1.0000000  
//----------------------------------------------------------
CKIF
CKIV1
PGON
AIR$
  5
   60.000    60.000     1.000
 -288.000   933.829  1472.496
 -139.145   933.829  1472.496
  -43.830   864.564  1472.496
  188.850  1066.071  1472.496
  423.500  1269.284  1269.284
0.000 108.000 0.000
1.0000000  0.0000000  0.0000000  0.0000000  1.0000000  0.0000000  0.0000000  0.0000000  1.0000000  
//----------------------------------------------------------
CKIR
CKIV1
PGON
AIR$
  4
   60.000    60.000     1.000
  -43.830   892.564   892.564
  423.500   552.964  1297.284
 1128.258    40.829   686.945
 1530.000    83.549   339.026
0.000 80.000 0.000
1.0000000  0.0000000  0.0000000  0.0000000  1.0000000  0.0000000  0.0000000  0.0000000  1.0000000  
//----------------------------------------------------------
CKRS
CKIR
TRAP
ALUMINIUM$
   51.312    88.875     0.000
  148.812   257.750     0.000
 -148.812   257.750     0.000
  -51.312    88.875     0.000
   51.312    88.875    50.000
  148.812   257.750    50.000
 -148.812   257.750    50.000
  -51.312    88.875    50.000
0.000 0.000 1480.000
1.0000000  0.0000000  0.0000000  0.0000000  1.0000000  0.0000000  0.0000000  0.0000000  1.0000000  
//----------------------------------------------------------
CFVC1
CKIV1
TUBS
VAKUUM$
    0.000     0.000     0.000
    0.000   306.730
    0.000     0.000   -46.000
   -2.500   182.500
721.435 1249.562 83.830
-0.3686390  0.3377950  0.8660250  -0.6385010  0.5850780  -0.5000000  -0.6755900  -0.7372770  0.0000000  
//----------------------------------------------------------
CFSH
CFVC1
TUBS
COIL_STEEL$
    0.000     0.000     0.000
  135.730   274.730
    0.000     0.000   -20.000
   -2.500   182.500
-0.000 0.000 0.000
1.0000000  0.0000000  0.0000000  0.0000000  1.0000000  0.0000000  0.0000000  0.0000000  1.0000000  
//----------------------------------------------------------
CFCO
CFSH
TUBS
COIL_MIXT$
    0.000     0.000     0.000
  135.730   265.730
    0.000     0.000   -18.000
   -2.500   182.500
-0.000 0.000 0.000
1.0000000  0.0000000  0.0000000  0.0000000  1.0000000  0.0000000  0.0000000  0.0000000  1.0000000  
//----------------------------------------------------------
CFIL
CFVC1
TUBS
COIL_ALU$
    0.000     0.000     0.000
    0.000   135.730
    0.000     0.000   -18.000
   -2.500   182.500
-0.000 0.000 0.000
1.0000000  0.0000000  0.0000000  0.0000000  1.0000000  0.0000000  0.0000000  0.0000000  1.0000000  
//----------------------------------------------------------
CFVC2
CKIV1
-721.435 1249.562 83.830
-0.3686390  -0.3377950  -0.8660250  0.6385010  0.5850780  -0.5000000  0.6755900  -0.7372770  0.0000000  
//----------------------------------------------------------
CRVC1
CKIV1
TUBS
VAKUUM$
    0.000     0.000     0.000
    0.000   241.160
    0.000     0.000   -34.000
  182.500   357.500
213.705 370.148 1192.000
-0.3686390  0.3377950  0.8660250  -0.6385010  0.5850780  -0.5000000  -0.6755900  -0.7372770  0.0000000  
//----------------------------------------------------------
CRSH
CRVC1
TUBS
COIL_STEEL$
    0.000     0.000     0.000
   70.160   209.160
    0.000     0.000   -20.000
  182.500   357.500
-0.000 0.000 0.000
1.0000000  0.0000000  0.0000000  0.0000000  1.0000000  0.0000000  0.0000000  0.0000000  1.0000000  
//----------------------------------------------------------
CRCO
CRSH
TUBS
COIL_MIXT$
    0.000     0.000     0.000
   70.160   200.160
    0.000     0.000   -18.000
  182.500   357.500
-0.000 0.000 0.000
1.0000000  0.0000000  0.0000000  0.0000000  1.0000000  0.0000000  0.0000000  0.0000000  1.0000000  
//----------------------------------------------------------
CRIL
CRVC1
TUBS
COIL_ALU$
    0.000     0.000     0.000
    0.000    70.160
    0.000     0.000   -18.000
  182.500   357.500
-0.000 0.000 0.000
1.0000000  0.0000000  0.0000000  0.0000000  1.0000000  0.0000000  0.0000000  0.0000000  1.0000000  
//----------------------------------------------------------
CRVC2
CKIV1
-213.705 370.148 1192.000
-0.3686390  -0.3377950  -0.8660250  0.6385010  0.5850780  -0.5000000  0.6755900  -0.7372770  0.0000000  
//----------------------------------------------------------
CMBT1
CKIV1
TRAP
VAKUUM$
  241.160     0.000     0.000
  241.160  1501.633     0.000
  -65.570  1501.633     0.000
    0.000     0.000     0.000
  241.160     0.000   -34.000
  241.160  1501.633   -34.000
  -65.570  1501.633   -34.000
    0.000     0.000   -34.000
213.705 370.148 1192.000
-0.3830220  0.3213940  0.8660250  -0.6634140  0.5566700  -0.5000000  -0.6427880  -0.7660440  0.0000000  
//----------------------------------------------------------
CBSH
CMBT1
BOX 
COIL_STEEL$
  209.160     0.000     0.000
  209.160  1501.633     0.000
   70.160  1501.633     0.000
   70.160     0.000     0.000
  209.160     0.000   -20.000
  209.160  1501.633   -20.000
   70.160  1501.633   -20.000
   70.160     0.000   -20.000
-0.000 0.000 0.000
1.0000000  0.0000000  0.0000000  0.0000000  1.0000000  0.0000000  0.0000000  0.0000000  1.0000000  
//----------------------------------------------------------
CBCO
CBSH
BOX 
COIL_MIXT$
  200.160     0.000     0.000
  200.160  1501.633     0.000
   70.160  1501.633     0.000
   70.160     0.000     0.000
  200.160     0.000   -18.000
  200.160  1501.633   -18.000
   70.160  1501.633   -18.000
   70.160     0.000   -18.000
-0.000 0.000 0.000
1.0000000  0.0000000  0.0000000  0.0000000  1.0000000  0.0000000  0.0000000  0.0000000  1.0000000  
//----------------------------------------------------------
CBIL
CMBT1
TRAP
COIL_ALU$
   70.160     0.000     0.000
   70.160  1501.633     0.000
  -65.570  1501.633     0.000
    0.000     0.000     0.000
   70.160     0.000   -18.000
   70.160  1501.633   -18.000
  -65.570  1501.633   -18.000
    0.000     0.000   -18.000
-0.000 0.000 0.000
1.0000000  0.0000000  0.0000000  0.0000000  1.0000000  0.0000000  0.0000000  0.0000000  1.0000000  
//----------------------------------------------------------
CMBT2
CKIV1
-213.705 370.148 1192.000
-0.3535530  -0.3535530  -0.8660250  0.6123720  0.6123720  -0.5000000  0.7071070  -0.7071070  0.0000000  
//----------------------------------------------------------
CMTT1
CKIV1
TRAP
VAKUUM$
    0.000     0.000     0.000
   65.570  1501.633     0.000
 -241.160  1501.633     0.000
 -241.160     0.000     0.000
    0.000     0.000   -34.000
   65.570  1501.633   -34.000
 -241.160  1501.633   -34.000
 -241.160     0.000   -34.000
213.705 370.148 1192.000
-0.3535530  0.3535530  0.8660250  -0.6123720  0.6123720  -0.5000000  -0.7071070  -0.7071070  0.0000000  
//----------------------------------------------------------
CTSH
CMTT1
BOX 
COIL_STEEL$
  -70.160     0.000     0.000
  -70.160  1501.633     0.000
 -209.160  1501.633     0.000
 -209.160     0.000     0.000
  -70.160     0.000   -20.000
  -70.160  1501.633   -20.000
 -209.160  1501.633   -20.000
 -209.160     0.000   -20.000
-0.000 0.000 0.000
1.0000000  0.0000000  0.0000000  0.0000000  1.0000000  0.0000000  0.0000000  0.0000000  1.0000000  
//----------------------------------------------------------
CTCO
CTSH
BOX 
COIL_MIXT$
  -70.160     0.000     0.000
  -70.160  1501.633     0.000
 -200.160  1501.633     0.000
 -200.160     0.000     0.000
  -70.160     0.000   -18.000
  -70.160  1501.633   -18.000
 -200.160  1501.633   -18.000
 -200.160     0.000   -18.000
-0.000 0.000 0.000
1.0000000  0.0000000  0.0000000  0.0000000  1.0000000  0.0000000  0.0000000  0.0000000  1.0000000  
//----------------------------------------------------------
CTIL
CMTT1
TRAP
COIL_ALU$
    0.000     0.000     0.000
   65.570  1501.633     0.000
  -70.160  1501.633     0.000
  -70.160     0.000     0.000
    0.000     0.000   -18.000
   65.570  1501.633   -18.000
  -70.160  1501.633   -18.000
  -70.160     0.000   -18.000
-0.000 0.000 0.000
1.0000000  0.0000000  0.0000000  0.0000000  1.0000000  0.0000000  0.0000000  0.0000000  1.0000000  
//----------------------------------------------------------
CMTT2
CKIV1
-213.705 370.148 1192.000
-0.3830220  -0.3213940  -0.8660250  0.6634140  0.5566700  -0.5000000  0.6427880  -0.7660440  0.0000000  
//----------------------------------------------------------
CKIV2
SEC2
0.000 0.000 0.000
1.0000000  0.0000000  0.0000000  0.0000000  1.0000000  0.0000000  0.0000000  0.0000000  1.0000000  
//----------------------------------------------------------
CKIV3
SEC3
0.000 0.000 0.000
1.0000000  0.0000000  0.0000000  0.0000000  1.0000000  0.0000000  0.0000000  0.0000000  1.0000000  
//----------------------------------------------------------
CKIV4
SEC4
0.000 0.000 0.000
1.0000000  0.0000000  0.0000000  0.0000000  1.0000000  0.0000000  0.0000000  0.0000000  1.0000000  
//----------------------------------------------------------
CKIV5
SEC5
0.000 0.000 0.000
1.0000000  0.0000000  0.0000000  0.0000000  1.0000000  0.0000000  0.0000000  0.0000000  1.0000000  
//----------------------------------------------------------
CKIV6
SEC6
0.000 0.000 0.000
1.0000000  0.0000000  0.0000000  0.0000000  1.0000000  0.0000000  0.0000000  0.0000000  1.0000000  
//----------------------------------------------------------
