//----------------------------------------------------------
FD1S1
SEC1
PGON
ALUMINIUM$
  4
   60.000    60.000     1.000
  -46.000   130.000   134.000
  -40.775   124.585   139.080
   -2.500    85.000    99.765
    0.000    85.000    97.150
0.000 0.000 613.000
1.0000000  0.0000000  0.0000000  0.0000000  1.0000000  0.0000000  0.0000000  0.0000000  1.0000000  
//----------------------------------------------------------
FD1R1
SEC1
TUBS
ALUMINIUM$
    0.000     0.000     0.000
   85.000    95.000
    0.000     0.000    10.000
   60.000   120.000
0.000 0.000 613.000
1.0000000  0.0000000  0.0000000  0.0000000  1.0000000  0.0000000  0.0000000  0.0000000  1.0000000  
//----------------------------------------------------------
FD2S1
SEC1
PGON
ALUMINIUM$
  3
   60.000    60.000     1.000
  -61.400   194.600   194.600
  -49.559   185.999   210.897
    0.000   150.000   174.890
0.000 0.000 937.500
1.0000000  0.0000000  0.0000000  0.0000000  1.0000000  0.0000000  0.0000000  0.0000000  1.0000000  
//----------------------------------------------------------
FD2R1
SEC1
TUBS
ALUMINIUM$
    0.000     0.000     0.000
  150.000   165.000
    0.000     0.000    15.000
   60.000   120.000
0.000 0.000 937.500
1.0000000  0.0000000  0.0000000  0.0000000  1.0000000  0.0000000  0.0000000  0.0000000  1.0000000  
//----------------------------------------------------------
FOUC1
SEC1
CONS
CARBON$
    0.000     0.000 -1096.000
   69.082    71.095
    0.000     0.000  1096.000
  318.829   320.842
   60.000   120.000
0.000 0.000 1656.300
1.0000000  0.0000000  0.0000000  0.0000000  1.0000000  0.0000000  0.0000000  0.0000000  1.0000000  
//----------------------------------------------------------
FOWL1
SEC1
CONS
CARBON$
    0.000     0.000    -1.000
   64.043    69.082
    0.000     0.000     1.000
   64.271    69.310
   60.000   120.000
0.000 0.000 561.300
1.0000000  0.0000000  0.0000000  0.0000000  1.0000000  0.0000000  0.0000000  0.0000000  1.0000000  
//----------------------------------------------------------
FINC1
SEC1
CONS
CARBON$
    0.000     0.000 -1114.995
    0.000    59.713
    0.000     0.000  1114.995
    0.000   313.788
   60.000   120.000
0.000 0.000 1637.305
1.0000000  0.0000000  0.0000000  0.0000000  1.0000000  0.0000000  0.0000000  0.0000000  1.0000000  
//----------------------------------------------------------
FHEC1
FINC1
CONS
HELIUM$
    0.000     0.000 -1114.995
    0.000    57.700
    0.000     0.000  1114.995
    0.000   311.775
   60.000   120.000
0.000 0.000 0.000
1.0000000  0.0000000  0.0000000  0.0000000  1.0000000  0.0000000  0.0000000  0.0000000  1.0000000  
//----------------------------------------------------------
FIWL1
SEC1
TUBS
KAPTON$
    0.000     0.000    -0.005
    0.000    59.713
    0.000     0.000     0.005
   60.000   120.000
0.000 0.000 522.305
1.0000000  0.0000000  0.0000000  0.0000000  1.0000000  0.0000000  0.0000000  0.0000000  1.0000000  
//----------------------------------------------------------
FDB11
SEC1
BOX 
CFK_MDC4$
  644.000   -75.000   -74.000
  644.000   -33.000   -74.000
 -644.000   -33.000   -74.000
 -644.000   -75.000   -74.000
  644.000   -75.000   -55.000
  644.000   -33.000   -55.000
 -644.000   -33.000   -55.000
 -644.000   -75.000   -55.000
1.841 1283.000 1110.237
0.9999973  0.0006025  -0.0022468  0.0013252  0.6463509  0.7630396  0.0019118  -0.7630401  0.6463479  
//----------------------------------------------------------
FDI1
FDB11
BOX 
AIR$
  641.500   -72.500   -71.500
  641.500   -35.500   -71.500
 -641.500   -35.500   -71.500
 -641.500   -72.500   -71.500
  641.500   -72.500   -57.500
  641.500   -35.500   -57.500
 -641.500   -35.500   -57.500
 -641.500   -72.500   -57.500
0.000 0.000 0.000
1.0000000  0.0000000  0.0000000  0.0000000  1.0000000  0.0000000  0.0000000  0.0000000  1.0000000  
//----------------------------------------------------------
FDB21
SEC1
BOX 
CFK_MDC4$
  826.000   294.000    60.000
  826.000   370.000    60.000
 -826.000   370.000    60.000
 -826.000   294.000    60.000
  826.000   294.000    85.000
  826.000   370.000    85.000
 -826.000   370.000    85.000
 -826.000   294.000    85.000
1.841 1283.000 1110.237
0.9999973  0.0006025  -0.0022468  0.0013252  0.6463509  0.7630396  0.0019118  -0.7630401  0.6463479  
//----------------------------------------------------------
FDI2
FDB21
BOX 
AIR$
  823.000   297.000    63.000
  823.000   367.000    63.000
 -823.000   367.000    63.000
 -823.000   297.000    63.000
  823.000   297.000    82.000
  823.000   367.000    82.000
 -823.000   367.000    82.000
 -823.000   297.000    82.000
0.000 0.000 0.000
1.0000000  0.0000000  0.0000000  0.0000000  1.0000000  0.0000000  0.0000000  0.0000000  1.0000000  
//----------------------------------------------------------
FD1S2
SEC2
0.000 0.000 613.000
1.0000000  0.0000000  0.0000000  0.0000000  1.0000000  0.0000000  0.0000000  0.0000000  1.0000000  
//----------------------------------------------------------
FD1R2
SEC2
0.000 0.000 613.000
1.0000000  0.0000000  0.0000000  0.0000000  1.0000000  0.0000000  0.0000000  0.0000000  1.0000000  
//----------------------------------------------------------
FD2S2
SEC2
0.000 0.000 937.500
1.0000000  0.0000000  0.0000000  0.0000000  1.0000000  0.0000000  0.0000000  0.0000000  1.0000000  
//----------------------------------------------------------
FD2R2
SEC2
0.000 0.000 937.500
1.0000000  0.0000000  0.0000000  0.0000000  1.0000000  0.0000000  0.0000000  0.0000000  1.0000000  
//----------------------------------------------------------
FOUC2
SEC2
0.000 0.000 1656.300
1.0000000  0.0000000  0.0000000  0.0000000  1.0000000  0.0000000  0.0000000  0.0000000  1.0000000  
//----------------------------------------------------------
FOWL2
SEC2
0.000 0.000 561.300
1.0000000  0.0000000  0.0000000  0.0000000  1.0000000  0.0000000  0.0000000  0.0000000  1.0000000  
//----------------------------------------------------------
FINC2
SEC2
0.000 0.000 1637.305
1.0000000  0.0000000  0.0000000  0.0000000  1.0000000  0.0000000  0.0000000  0.0000000  1.0000000  
//----------------------------------------------------------
FIWL2
SEC2
0.000 0.000 522.305
1.0000000  0.0000000  0.0000000  0.0000000  1.0000000  0.0000000  0.0000000  0.0000000  1.0000000  
//----------------------------------------------------------
FDB12
SEC2
1.776 1284.136 1115.154
0.9999993  -0.0004261  0.0011087  -0.0005618  0.6526965  0.7576194  -0.0010467  -0.7576196  0.6526959  
//----------------------------------------------------------
FDB22
SEC2
1.776 1284.136 1115.154
0.9999993  -0.0004261  0.0011087  -0.0005618  0.6526965  0.7576194  -0.0010467  -0.7576196  0.6526959  
//----------------------------------------------------------
FD1S3
SEC3
0.000 0.000 613.000
1.0000000  0.0000000  0.0000000  0.0000000  1.0000000  0.0000000  0.0000000  0.0000000  1.0000000  
//----------------------------------------------------------
FD1R3
SEC3
0.000 0.000 613.000
1.0000000  0.0000000  0.0000000  0.0000000  1.0000000  0.0000000  0.0000000  0.0000000  1.0000000  
//----------------------------------------------------------
FD2S3
SEC3
0.000 0.000 937.500
1.0000000  0.0000000  0.0000000  0.0000000  1.0000000  0.0000000  0.0000000  0.0000000  1.0000000  
//----------------------------------------------------------
FD2R3
SEC3
0.000 0.000 937.500
1.0000000  0.0000000  0.0000000  0.0000000  1.0000000  0.0000000  0.0000000  0.0000000  1.0000000  
//----------------------------------------------------------
FOUC3
SEC3
0.000 0.000 1656.300
1.0000000  0.0000000  0.0000000  0.0000000  1.0000000  0.0000000  0.0000000  0.0000000  1.0000000  
//----------------------------------------------------------
FOWL3
SEC3
0.000 0.000 561.300
1.0000000  0.0000000  0.0000000  0.0000000  1.0000000  0.0000000  0.0000000  0.0000000  1.0000000  
//----------------------------------------------------------
FINC3
SEC3
0.000 0.000 1637.305
1.0000000  0.0000000  0.0000000  0.0000000  1.0000000  0.0000000  0.0000000  0.0000000  1.0000000  
//----------------------------------------------------------
FIWL3
SEC3
0.000 0.000 522.305
1.0000000  0.0000000  0.0000000  0.0000000  1.0000000  0.0000000  0.0000000  0.0000000  1.0000000  
//----------------------------------------------------------
FDB13
SEC3
-7.093 1274.629 1119.862
0.9999705  0.0070593  -0.0030579  -0.0022858  0.6521371  0.7580977  0.0073459  -0.7580683  0.6521340  
//----------------------------------------------------------
FDB23
SEC3
-7.093 1274.629 1119.862
0.9999705  0.0070593  -0.0030579  -0.0022858  0.6521371  0.7580977  0.0073459  -0.7580683  0.6521340  
//----------------------------------------------------------
FD1S4
SEC4
0.000 0.000 613.000
1.0000000  0.0000000  0.0000000  0.0000000  1.0000000  0.0000000  0.0000000  0.0000000  1.0000000  
//----------------------------------------------------------
FD1R4
SEC4
0.000 0.000 613.000
1.0000000  0.0000000  0.0000000  0.0000000  1.0000000  0.0000000  0.0000000  0.0000000  1.0000000  
//----------------------------------------------------------
FD2S4
SEC4
0.000 0.000 937.500
1.0000000  0.0000000  0.0000000  0.0000000  1.0000000  0.0000000  0.0000000  0.0000000  1.0000000  
//----------------------------------------------------------
FD2R4
SEC4
0.000 0.000 937.500
1.0000000  0.0000000  0.0000000  0.0000000  1.0000000  0.0000000  0.0000000  0.0000000  1.0000000  
//----------------------------------------------------------
FOUC4
SEC4
0.000 0.000 1656.300
1.0000000  0.0000000  0.0000000  0.0000000  1.0000000  0.0000000  0.0000000  0.0000000  1.0000000  
//----------------------------------------------------------
FOWL4
SEC4
0.000 0.000 561.300
1.0000000  0.0000000  0.0000000  0.0000000  1.0000000  0.0000000  0.0000000  0.0000000  1.0000000  
//----------------------------------------------------------
FINC4
SEC4
0.000 0.000 1637.305
1.0000000  0.0000000  0.0000000  0.0000000  1.0000000  0.0000000  0.0000000  0.0000000  1.0000000  
//----------------------------------------------------------
FIWL4
SEC4
0.000 0.000 522.305
1.0000000  0.0000000  0.0000000  0.0000000  1.0000000  0.0000000  0.0000000  0.0000000  1.0000000  
//----------------------------------------------------------
FDB14
SEC4
-2.498 1280.238 1131.690
0.9999802  0.0055612  0.0028888  -0.0057945  0.6450742  0.7640982  0.0023862  -0.7641000  0.6450937  
//----------------------------------------------------------
FDB24
SEC4
-2.498 1280.238 1131.690
0.9999802  0.0055612  0.0028888  -0.0057945  0.6450742  0.7640982  0.0023862  -0.7641000  0.6450937  
//----------------------------------------------------------
FD1S5
SEC5
0.000 0.000 613.000
1.0000000  0.0000000  0.0000000  0.0000000  1.0000000  0.0000000  0.0000000  0.0000000  1.0000000  
//----------------------------------------------------------
FD1R5
SEC5
0.000 0.000 613.000
1.0000000  0.0000000  0.0000000  0.0000000  1.0000000  0.0000000  0.0000000  0.0000000  1.0000000  
//----------------------------------------------------------
FD2S5
SEC5
0.000 0.000 937.500
1.0000000  0.0000000  0.0000000  0.0000000  1.0000000  0.0000000  0.0000000  0.0000000  1.0000000  
//----------------------------------------------------------
FD2R5
SEC5
0.000 0.000 937.500
1.0000000  0.0000000  0.0000000  0.0000000  1.0000000  0.0000000  0.0000000  0.0000000  1.0000000  
//----------------------------------------------------------
FOUC5
SEC5
0.000 0.000 1656.300
1.0000000  0.0000000  0.0000000  0.0000000  1.0000000  0.0000000  0.0000000  0.0000000  1.0000000  
//----------------------------------------------------------
FOWL5
SEC5
0.000 0.000 561.300
1.0000000  0.0000000  0.0000000  0.0000000  1.0000000  0.0000000  0.0000000  0.0000000  1.0000000  
//----------------------------------------------------------
FINC5
SEC5
0.000 0.000 1637.305
1.0000000  0.0000000  0.0000000  0.0000000  1.0000000  0.0000000  0.0000000  0.0000000  1.0000000  
//----------------------------------------------------------
FIWL5
SEC5
0.000 0.000 522.305
1.0000000  0.0000000  0.0000000  0.0000000  1.0000000  0.0000000  0.0000000  0.0000000  1.0000000  
//----------------------------------------------------------
FDB15
SEC5
2.687 1286.862 1129.546
0.9999804  -0.0038072  0.0049698  -0.0013040  0.6497685  0.7601312  -0.0061235  -0.7601229  0.6497507  
//----------------------------------------------------------
FDB25
SEC5
2.687 1286.862 1129.546
0.9999804  -0.0038072  0.0049698  -0.0013040  0.6497685  0.7601312  -0.0061235  -0.7601229  0.6497507  
//----------------------------------------------------------
FD1S6
SEC6
0.000 0.000 613.000
1.0000000  0.0000000  0.0000000  0.0000000  1.0000000  0.0000000  0.0000000  0.0000000  1.0000000  
//----------------------------------------------------------
FD1R6
SEC6
0.000 0.000 613.000
1.0000000  0.0000000  0.0000000  0.0000000  1.0000000  0.0000000  0.0000000  0.0000000  1.0000000  
//----------------------------------------------------------
FD2S6
SEC6
0.000 0.000 937.500
1.0000000  0.0000000  0.0000000  0.0000000  1.0000000  0.0000000  0.0000000  0.0000000  1.0000000  
//----------------------------------------------------------
FD2R6
SEC6
0.000 0.000 937.500
1.0000000  0.0000000  0.0000000  0.0000000  1.0000000  0.0000000  0.0000000  0.0000000  1.0000000  
//----------------------------------------------------------
FOUC6
SEC6
0.000 0.000 1656.300
1.0000000  0.0000000  0.0000000  0.0000000  1.0000000  0.0000000  0.0000000  0.0000000  1.0000000  
//----------------------------------------------------------
FOWL6
SEC6
0.000 0.000 561.300
1.0000000  0.0000000  0.0000000  0.0000000  1.0000000  0.0000000  0.0000000  0.0000000  1.0000000  
//----------------------------------------------------------
FINC6
SEC6
0.000 0.000 1637.305
1.0000000  0.0000000  0.0000000  0.0000000  1.0000000  0.0000000  0.0000000  0.0000000  1.0000000  
//----------------------------------------------------------
FIWL6
SEC6
0.000 0.000 522.305
1.0000000  0.0000000  0.0000000  0.0000000  1.0000000  0.0000000  0.0000000  0.0000000  1.0000000  
//----------------------------------------------------------
FDB16
SEC6
3.567 1280.274 1123.992
0.9999958  -0.0024490  0.0015955  0.0003899  0.6527256  0.7575942  -0.0028969  -0.7575903  0.6527239  
//----------------------------------------------------------
FDB26
SEC6
3.567 1280.274 1123.992
0.9999958  -0.0024490  0.0015955  0.0003899  0.6527256  0.7575942  -0.0028969  -0.7575903  0.6527239  
//----------------------------------------------------------
FCFS
CAVE
TUBE
AIR$
    0.000     0.000  -700.000
 1205.000  1780.000
    0.000     0.000  -290.000
0.000 0.000 0.000
1.0000000  0.0000000  0.0000000  0.0000000  1.0000000  0.0000000  0.0000000  0.0000000  1.0000000  
//----------------------------------------------------------
FCR1
FCFS
TUBE
STEEL$
    0.000     0.000  -305.000
 1205.000  1780.000
    0.000     0.000  -290.000
0.000 0.000 0.000
1.0000000  0.0000000  0.0000000  0.0000000  1.0000000  0.0000000  0.0000000  0.0000000  1.0000000  
//----------------------------------------------------------
FCR2
FCFS
TUBE
STEEL$
    0.000     0.000  -405.000
 1765.000  1780.000
    0.000     0.000  -305.000
0.000 0.000 0.000
1.0000000  0.0000000  0.0000000  0.0000000  1.0000000  0.0000000  0.0000000  0.0000000  1.0000000  
//----------------------------------------------------------
FCFR
FCFS
TUBE
STEEL$
    0.000     0.000  -700.000
 1245.000  1670.000
    0.000     0.000  -305.000
0.000 0.000 0.000
1.0000000  0.0000000  0.0000000  0.0000000  1.0000000  0.0000000  0.0000000  0.0000000  1.0000000  
//----------------------------------------------------------
FCFI
FCFR
TUBE
ALUMINIUM_10PERC$
    0.000     0.000  -685.000
 1250.000  1658.000
    0.000     0.000  -305.000
0.000 0.000 0.000
1.0000000  0.0000000  0.0000000  0.0000000  1.0000000  0.0000000  0.0000000  0.0000000  1.0000000  
//----------------------------------------------------------
FRAO1
CAVE
BOX 
ALUMINIUM$
   50.000   -75.000 -3000.000
   50.000    75.000 -3000.000
  -50.000    75.000 -3000.000
  -50.000   -75.000 -3000.000
   50.000   -75.000  3000.000
   50.000    75.000  3000.000
  -50.000    75.000  3000.000
  -50.000   -75.000  3000.000
850.000 2550.000 3160.000
1.0000000  0.0000000  0.0000000  0.0000000  1.0000000  0.0000000  0.0000000  0.0000000  1.0000000  
//----------------------------------------------------------
FRLI
FRAO1
BOX 
AIR$
   35.000   -60.000 -3000.000
   35.000    60.000 -3000.000
  -35.000    60.000 -3000.000
  -35.000   -60.000 -3000.000
   35.000   -60.000  3000.000
   35.000    60.000  3000.000
  -35.000    60.000  3000.000
  -35.000   -60.000  3000.000
0.000 0.000 0.000
1.0000000  0.0000000  0.0000000  0.0000000  1.0000000  0.0000000  0.0000000  0.0000000  1.0000000  
//----------------------------------------------------------
FRAO2
CAVE
-850.000 2550.000 3160.000
1.0000000  0.0000000  0.0000000  0.0000000  1.0000000  0.0000000  0.0000000  0.0000000  1.0000000  
//----------------------------------------------------------
FRAO3
CAVE
-1783.365 2011.122 3160.000
0.5000000  -0.8660250  0.0000000  0.8660250  0.5000000  0.0000000  0.0000000  0.0000000  1.0000000  
//----------------------------------------------------------
FRAO4
CAVE
-2633.365 538.878 3160.000
0.5000000  -0.8660250  0.0000000  0.8660250  0.5000000  0.0000000  0.0000000  0.0000000  1.0000000  
//----------------------------------------------------------
FRAO5
CAVE
-2633.365 -538.878 3160.000
0.5000000  -0.8660250  0.0000000  -0.8660250  -0.5000000  0.0000000  0.0000000  0.0000000  -1.0000000  
//----------------------------------------------------------
FRAO6
CAVE
-1783.365 -2011.122 3160.000
0.5000000  -0.8660250  0.0000000  -0.8660250  -0.5000000  0.0000000  0.0000000  0.0000000  -1.0000000  
//----------------------------------------------------------
FRAO7
CAVE
-850.000 -2550.000 3160.000
-1.0000000  0.0000000  0.0000000  0.0000000  -1.0000000  0.0000000  0.0000000  0.0000000  1.0000000  
//----------------------------------------------------------
FRAO8
CAVE
850.000 -2550.000 3160.000
-1.0000000  0.0000000  0.0000000  0.0000000  -1.0000000  0.0000000  0.0000000  0.0000000  1.0000000  
//----------------------------------------------------------
FRAO9
CAVE
1783.365 -2011.122 3160.000
-0.5000000  0.8660250  0.0000000  -0.8660250  -0.5000000  0.0000000  0.0000000  0.0000000  1.0000000  
//----------------------------------------------------------
FRAO10
CAVE
2633.365 -538.878 3160.000
-0.5000000  0.8660250  0.0000000  -0.8660250  -0.5000000  0.0000000  0.0000000  0.0000000  1.0000000  
//----------------------------------------------------------
FRAO11
CAVE
2633.365 538.878 3160.000
0.5000000  0.8660250  0.0000000  -0.8660250  0.5000000  0.0000000  0.0000000  0.0000000  1.0000000  
//----------------------------------------------------------
FRAO12
CAVE
1783.365 2011.122 3160.000
0.5000000  0.8660250  0.0000000  -0.8660250  0.5000000  0.0000000  0.0000000  0.0000000  1.0000000  
//----------------------------------------------------------
FMKU1
CAVE
BOX 
STEEL$
  160.000 -2665.000  -150.000
  160.000  2685.000  -150.000
 -160.000  2685.000  -150.000
 -160.000 -2665.000  -150.000
  160.000 -2665.000   150.000
  160.000  2685.000   150.000
 -160.000  2685.000   150.000
 -160.000 -2665.000   150.000
3040.000 57.000 832.500
1.0000000  0.0000000  0.0000000  0.0000000  1.0000000  0.0000000  0.0000000  0.0000000  1.0000000  
//----------------------------------------------------------
FMUI1
FMKU1
BOX 
AIR$
  139.500 -2665.000   -72.125
  139.500  2665.000   -72.125
 -139.500  2665.000   -72.125
 -139.500 -2665.000   -72.125
  139.500 -2665.000    72.125
  139.500  2665.000    72.125
 -139.500  2665.000    72.125
 -139.500 -2665.000    72.125
0.000 0.000 77.875
1.0000000  0.0000000  0.0000000  0.0000000  1.0000000  0.0000000  0.0000000  0.0000000  1.0000000  
//----------------------------------------------------------
FMUI2
FMKU1
0.000 0.000 -77.875
1.0000000  0.0000000  0.0000000  0.0000000  1.0000000  0.0000000  0.0000000  0.0000000  1.0000000  
//----------------------------------------------------------
FMKU2
CAVE
-3040.000 57.000 832.500
1.0000000  0.0000000  0.0000000  0.0000000  1.0000000  0.0000000  0.0000000  0.0000000  1.0000000  
//----------------------------------------------------------
FMKU3
CAVE
3040.000 57.000 4557.500
1.0000000  0.0000000  0.0000000  0.0000000  1.0000000  0.0000000  0.0000000  0.0000000  1.0000000  
//----------------------------------------------------------
FMKU4
CAVE
-3040.000 57.000 4557.500
1.0000000  0.0000000  0.0000000  0.0000000  1.0000000  0.0000000  0.0000000  0.0000000  1.0000000  
//----------------------------------------------------------
FMKC1
CAVE
BOX 
STEEL$
 3200.000  -160.000  -150.000
 3200.000   160.000  -150.000
-3200.000   160.000  -150.000
-3200.000  -160.000  -150.000
 3200.000  -160.000   150.000
 3200.000   160.000   150.000
-3200.000   160.000   150.000
-3200.000  -160.000   150.000
0.000 2902.000 832.500
1.0000000  0.0000000  0.0000000  0.0000000  1.0000000  0.0000000  0.0000000  0.0000000  1.0000000  
//----------------------------------------------------------
FMCI1
FMKC1
BOX 
AIR$
 3200.000  -139.500   -72.125
 3200.000   139.500   -72.125
-3200.000   139.500   -72.125
-3200.000  -139.500   -72.125
 3200.000  -139.500    72.125
 3200.000   139.500    72.125
-3200.000   139.500    72.125
-3200.000  -139.500    72.125
0.000 0.000 -77.875
1.0000000  0.0000000  0.0000000  0.0000000  1.0000000  0.0000000  0.0000000  0.0000000  1.0000000  
//----------------------------------------------------------
FMCI2
FMKC1
0.000 -2.500 77.875
1.0000000  0.0000000  0.0000000  0.0000000  1.0000000  0.0000000  0.0000000  0.0000000  1.0000000  
//----------------------------------------------------------
FMKC2
CAVE
0.000 2902.000 4557.500
1.0000000  0.0000000  0.0000000  0.0000000  1.0000000  0.0000000  0.0000000  0.0000000  1.0000000  
//----------------------------------------------------------
FBOT
CAVE
BOX 
CONCRETE$
 3250.000 -3200.000 -7300.000
 3250.000 -2700.000 -7300.000
-3250.000 -2700.000 -7300.000
-3250.000 -3200.000 -7300.000
 3250.000 -3200.000  7300.000
 3250.000 -2700.000  7300.000
-3250.000 -2700.000  7300.000
-3250.000 -3200.000  7300.000
0.000 0.000 0.000
1.0000000  0.0000000  0.0000000  0.0000000  1.0000000  0.0000000  0.0000000  0.0000000  1.0000000  
//----------------------------------------------------------
FINA
CAVE
CONE
CARBON$
    0.000     0.000   -59.995
    0.000   313.788
    0.000     0.000    59.995
    0.000   327.463
0.000 0.000 2812.295
1.0000000  0.0000000  0.0000000  0.0000000  1.0000000  0.0000000  0.0000000  0.0000000  1.0000000  
//----------------------------------------------------------
FHEA
FINA
CONE
HELIUM$
    0.000     0.000   -59.995
    0.000   311.775
    0.000     0.000    59.995
    0.000   325.450
0.000 0.000 0.000
1.0000000  0.0000000  0.0000000  0.0000000  1.0000000  0.0000000  0.0000000  0.0000000  1.0000000  
//----------------------------------------------------------
FIWR
CAVE
TUBE
KAPTON$
    0.000     0.000    -0.005
    0.000   327.463
    0.000     0.000     0.005
0.000 0.000 2872.295
1.0000000  0.0000000  0.0000000  0.0000000  1.0000000  0.0000000  0.0000000  0.0000000  1.0000000  
//----------------------------------------------------------
FOTU
CAVE
TUBE
CARBON$
    0.000     0.000   -60.000
  348.000   350.000
    0.000     0.000    60.000
0.000 0.000 2812.300
1.0000000  0.0000000  0.0000000  0.0000000  1.0000000  0.0000000  0.0000000  0.0000000  1.0000000  
//----------------------------------------------------------
FTWL
CAVE
TUBE
CARBON$
    0.000     0.000    -1.000
  318.829   348.000
    0.000     0.000     1.000
0.000 0.000 2753.300
1.0000000  0.0000000  0.0000000  0.0000000  1.0000000  0.0000000  0.0000000  0.0000000  1.0000000  
//----------------------------------------------------------
FTWR
CAVE
TUBE
CARBON$
    0.000     0.000    -1.000
  327.463   348.000
    0.000     0.000     1.000
0.000 0.000 2871.300
1.0000000  0.0000000  0.0000000  0.0000000  1.0000000  0.0000000  0.0000000  0.0000000  1.0000000  
//----------------------------------------------------------
