//----------------------------------------------------------
T15F1
SEC1
BOX 
CARBONFIBRE$
  755.000   -83.000   -11.250
  755.000    83.000   -11.250
 -755.000    83.000   -11.250
 -755.000   -83.000   -11.250
  755.000   -83.000    11.250
  755.000    83.000    11.250
 -755.000    83.000    11.250
 -755.000   -83.000    11.250
-5.221 1459.682 1434.599
0.9999936  -0.0025019  -0.0024964  0.0035339  0.7179920  0.6960424  0.0000510  -0.6960469  0.7179962  
//----------------------------------------------------------
T15I
T15F1
BOX 
INSULATOR_TOF$
  755.000   -82.000   -10.250
  755.000    82.000   -10.250
 -755.000    82.000   -10.250
 -755.000   -82.000   -10.250
  755.000   -82.000    10.250
  755.000    82.000    10.250
 -755.000    82.000    10.250
 -755.000   -82.000    10.250
0.000 0.000 0.000
1.0000000  0.0000000  0.0000000  0.0000000  1.0000000  0.0000000  0.0000000  0.0000000  1.0000000  
//----------------------------------------------------------
T15S1
T15I
BOX 
SCINTILLATOR$
  737.500   -10.000   -10.000
  737.500    10.000   -10.000
 -737.500    10.000   -10.000
 -737.500   -10.000   -10.000
  737.500   -10.000    10.000
  737.500    10.000    10.000
 -737.500    10.000    10.000
 -737.500   -10.000    10.000
-17.500 -71.750 0.000
1.0000000  0.0000000  0.0000000  0.0000000  1.0000000  0.0000000  0.0000000  0.0000000  1.0000000  
//----------------------------------------------------------
T15S2
T15I
17.500 -51.250 0.000
1.0000000  0.0000000  0.0000000  0.0000000  1.0000000  0.0000000  0.0000000  0.0000000  1.0000000  
//----------------------------------------------------------
T15S3
T15I
-17.500 -30.750 0.000
1.0000000  0.0000000  0.0000000  0.0000000  1.0000000  0.0000000  0.0000000  0.0000000  1.0000000  
//----------------------------------------------------------
T15S4
T15I
17.500 -10.250 0.000
1.0000000  0.0000000  0.0000000  0.0000000  1.0000000  0.0000000  0.0000000  0.0000000  1.0000000  
//----------------------------------------------------------
T15S5
T15I
-17.500 10.250 0.000
1.0000000  0.0000000  0.0000000  0.0000000  1.0000000  0.0000000  0.0000000  0.0000000  1.0000000  
//----------------------------------------------------------
T15S6
T15I
17.500 30.750 0.000
1.0000000  0.0000000  0.0000000  0.0000000  1.0000000  0.0000000  0.0000000  0.0000000  1.0000000  
//----------------------------------------------------------
T15S7
T15I
-17.500 51.250 0.000
1.0000000  0.0000000  0.0000000  0.0000000  1.0000000  0.0000000  0.0000000  0.0000000  1.0000000  
//----------------------------------------------------------
T15S8
T15I
17.500 71.750 0.000
1.0000000  0.0000000  0.0000000  0.0000000  1.0000000  0.0000000  0.0000000  0.0000000  1.0000000  
//----------------------------------------------------------
T16F1
SEC1
BOX 
CARBONFIBRE$
  830.000   -83.000   -11.250
  830.000    83.000   -11.250
 -830.000    83.000   -11.250
 -830.000   -83.000   -11.250
  830.000   -83.000    11.250
  830.000    83.000    11.250
 -830.000    83.000    11.250
 -830.000   -83.000    11.250
-5.697 1596.089 1335.516
0.9999936  -0.0022982  -0.0026848  0.0035339  0.6611678  0.7502298  0.0000510  -0.7502345  0.6611718  
//----------------------------------------------------------
T16I
T16F1
BOX 
INSULATOR_TOF$
  830.000   -82.000   -10.250
  830.000    82.000   -10.250
 -830.000    82.000   -10.250
 -830.000   -82.000   -10.250
  830.000   -82.000    10.250
  830.000    82.000    10.250
 -830.000    82.000    10.250
 -830.000   -82.000    10.250
0.000 0.000 0.000
1.0000000  0.0000000  0.0000000  0.0000000  1.0000000  0.0000000  0.0000000  0.0000000  1.0000000  
//----------------------------------------------------------
T16S6
T16I
BOX 
SCINTILLATOR$
  812.500   -10.000   -10.000
  812.500    10.000   -10.000
 -812.500    10.000   -10.000
 -812.500   -10.000   -10.000
  812.500   -10.000    10.000
  812.500    10.000    10.000
 -812.500    10.000    10.000
 -812.500   -10.000    10.000
17.500 30.750 0.000
1.0000000  0.0000000  0.0000000  0.0000000  1.0000000  0.0000000  0.0000000  0.0000000  1.0000000  
//----------------------------------------------------------
T16S1
T16I
-17.500 -71.750 0.000
1.0000000  0.0000000  0.0000000  0.0000000  1.0000000  0.0000000  0.0000000  0.0000000  1.0000000  
//----------------------------------------------------------
T16S3
T16I
-17.500 -30.750 0.000
1.0000000  0.0000000  0.0000000  0.0000000  1.0000000  0.0000000  0.0000000  0.0000000  1.0000000  
//----------------------------------------------------------
T16S7
T16I
-17.500 51.250 0.000
1.0000000  0.0000000  0.0000000  0.0000000  1.0000000  0.0000000  0.0000000  0.0000000  1.0000000  
//----------------------------------------------------------
T16S8
T16I
17.500 71.750 0.000
1.0000000  0.0000000  0.0000000  0.0000000  1.0000000  0.0000000  0.0000000  0.0000000  1.0000000  
//----------------------------------------------------------
T16S4
T16I
17.500 -10.250 0.000
1.0000000  0.0000000  0.0000000  0.0000000  1.0000000  0.0000000  0.0000000  0.0000000  1.0000000  
//----------------------------------------------------------
T16S2
T16I
17.500 -51.250 0.000
1.0000000  0.0000000  0.0000000  0.0000000  1.0000000  0.0000000  0.0000000  0.0000000  1.0000000  
//----------------------------------------------------------
T16S5
T16I
-17.500 10.250 0.000
1.0000000  0.0000000  0.0000000  0.0000000  1.0000000  0.0000000  0.0000000  0.0000000  1.0000000  
//----------------------------------------------------------
T17F1
SEC1
BOX 
CARBONFIBRE$
  915.000   -83.000   -11.250
  915.000    83.000   -11.250
 -915.000    83.000   -11.250
 -915.000   -83.000   -11.250
  915.000   -83.000    11.250
  915.000    83.000    11.250
 -915.000    83.000    11.250
 -915.000   -83.000    11.250
-6.144 1724.255 1226.046
0.9999936  -0.0020807  -0.0028571  0.0035339  0.6002672  0.7997918  0.0000510  -0.7997969  0.6002707  
//----------------------------------------------------------
T17I
T17F1
BOX 
INSULATOR_TOF$
  915.000   -82.000   -10.250
  915.000    82.000   -10.250
 -915.000    82.000   -10.250
 -915.000   -82.000   -10.250
  915.000   -82.000    10.250
  915.000    82.000    10.250
 -915.000    82.000    10.250
 -915.000   -82.000    10.250
0.000 0.000 0.000
1.0000000  0.0000000  0.0000000  0.0000000  1.0000000  0.0000000  0.0000000  0.0000000  1.0000000  
//----------------------------------------------------------
T17S1
T17I
BOX 
SCINTILLATOR$
  897.500   -10.000   -10.000
  897.500    10.000   -10.000
 -897.500    10.000   -10.000
 -897.500   -10.000   -10.000
  897.500   -10.000    10.000
  897.500    10.000    10.000
 -897.500    10.000    10.000
 -897.500   -10.000    10.000
-17.500 -71.749 0.000
1.0000000  0.0000000  0.0000000  0.0000000  1.0000000  0.0000000  0.0000000  0.0000000  1.0000000  
//----------------------------------------------------------
T17S2
T17I
17.500 -51.249 0.000
1.0000000  0.0000000  0.0000000  0.0000000  1.0000000  0.0000000  0.0000000  0.0000000  1.0000000  
//----------------------------------------------------------
T17S3
T17I
-17.500 -30.750 0.000
1.0000000  0.0000000  0.0000000  0.0000000  1.0000000  0.0000000  0.0000000  0.0000000  1.0000000  
//----------------------------------------------------------
T17S4
T17I
17.500 -10.250 0.000
1.0000000  0.0000000  0.0000000  0.0000000  1.0000000  0.0000000  0.0000000  0.0000000  1.0000000  
//----------------------------------------------------------
T17S5
T17I
-17.500 10.250 0.000
1.0000000  0.0000000  0.0000000  0.0000000  1.0000000  0.0000000  0.0000000  0.0000000  1.0000000  
//----------------------------------------------------------
T17S6
T17I
17.500 30.750 0.000
1.0000000  0.0000000  0.0000000  0.0000000  1.0000000  0.0000000  0.0000000  0.0000000  1.0000000  
//----------------------------------------------------------
T17S7
T17I
-17.500 51.249 0.000
1.0000000  0.0000000  0.0000000  0.0000000  1.0000000  0.0000000  0.0000000  0.0000000  1.0000000  
//----------------------------------------------------------
T17S8
T17I
17.500 71.749 0.000
1.0000000  0.0000000  0.0000000  0.0000000  1.0000000  0.0000000  0.0000000  0.0000000  1.0000000  
//----------------------------------------------------------
T18F1
SEC1
BOX 
CARBONFIBRE$
  987.500   -83.000   -11.250
  987.500    83.000   -11.250
 -987.500    83.000   -11.250
 -987.500   -83.000   -11.250
  987.500   -83.000    11.250
  987.500    83.000    11.250
 -987.500    83.000    11.250
 -987.500   -83.000    11.250
-6.560 1843.774 1106.570
0.9999936  -0.0018607  -0.0030047  0.0035339  0.5386103  0.8425478  0.0000510  -0.8425529  0.5386134  
//----------------------------------------------------------
T18I
T18F1
BOX 
INSULATOR_TOF$
  987.500   -82.000   -10.250
  987.500    82.000   -10.250
 -987.500    82.000   -10.250
 -987.500   -82.000   -10.250
  987.500   -82.000    10.250
  987.500    82.000    10.250
 -987.500    82.000    10.250
 -987.500   -82.000    10.250
0.000 0.000 0.000
1.0000000  0.0000000  0.0000000  0.0000000  1.0000000  0.0000000  0.0000000  0.0000000  1.0000000  
//----------------------------------------------------------
T18S1
T18I
BOX 
SCINTILLATOR$
  970.000   -10.000   -10.000
  970.000    10.000   -10.000
 -970.000    10.000   -10.000
 -970.000   -10.000   -10.000
  970.000   -10.000    10.000
  970.000    10.000    10.000
 -970.000    10.000    10.000
 -970.000   -10.000    10.000
-17.500 -71.749 0.000
1.0000000  0.0000000  0.0000000  0.0000000  1.0000000  0.0000000  0.0000000  0.0000000  1.0000000  
//----------------------------------------------------------
T18S2
T18I
17.500 -51.250 0.000
1.0000000  0.0000000  0.0000000  0.0000000  1.0000000  0.0000000  0.0000000  0.0000000  1.0000000  
//----------------------------------------------------------
T18S3
T18I
-17.500 -30.750 0.000
1.0000000  0.0000000  0.0000000  0.0000000  1.0000000  0.0000000  0.0000000  0.0000000  1.0000000  
//----------------------------------------------------------
T18S4
T18I
17.500 -10.250 0.000
1.0000000  0.0000000  0.0000000  0.0000000  1.0000000  0.0000000  0.0000000  0.0000000  1.0000000  
//----------------------------------------------------------
T18S5
T18I
-17.500 10.250 0.000
1.0000000  0.0000000  0.0000000  0.0000000  1.0000000  0.0000000  0.0000000  0.0000000  1.0000000  
//----------------------------------------------------------
T18S6
T18I
17.500 30.750 0.000
1.0000000  0.0000000  0.0000000  0.0000000  1.0000000  0.0000000  0.0000000  0.0000000  1.0000000  
//----------------------------------------------------------
T18S7
T18I
-17.500 51.250 0.000
1.0000000  0.0000000  0.0000000  0.0000000  1.0000000  0.0000000  0.0000000  0.0000000  1.0000000  
//----------------------------------------------------------
T18S8
T18I
17.500 71.749 0.000
1.0000000  0.0000000  0.0000000  0.0000000  1.0000000  0.0000000  0.0000000  0.0000000  1.0000000  
//----------------------------------------------------------
T19F1
SEC1
BOX 
CARBONFIBRE$
 1002.500  -123.000   -16.250
 1002.500   123.000   -16.250
-1002.500   123.000   -16.250
-1002.500  -123.000   -16.250
 1002.500  -123.000    16.250
 1002.500   123.000    16.250
-1002.500   123.000    16.250
-1002.500  -123.000    16.250
-6.798 1914.178 913.857
0.9999936  -0.0015639  -0.0031694  0.0035339  0.4553759  0.8902923  0.0000510  -0.8902981  0.4553783  
//----------------------------------------------------------
T19I
T19F1
BOX 
INSULATOR_TOF$
 1002.500  -122.000   -15.250
 1002.500   122.000   -15.250
-1002.500   122.000   -15.250
-1002.500  -122.000   -15.250
 1002.500  -122.000    15.250
 1002.500   122.000    15.250
-1002.500   122.000    15.250
-1002.500  -122.000    15.250
0.000 0.000 0.000
1.0000000  0.0000000  0.0000000  0.0000000  1.0000000  0.0000000  0.0000000  0.0000000  1.0000000  
//----------------------------------------------------------
T19S1
T19I
BOX 
SCINTILLATOR$
  985.000   -15.000   -15.000
  985.000    15.000   -15.000
 -985.000    15.000   -15.000
 -985.000   -15.000   -15.000
  985.000   -15.000    15.000
  985.000    15.000    15.000
 -985.000    15.000    15.000
 -985.000   -15.000    15.000
-12.500 -106.751 0.000
1.0000000  0.0000000  0.0000000  0.0000000  1.0000000  0.0000000  0.0000000  0.0000000  1.0000000  
//----------------------------------------------------------
T19S2
T19I
12.500 -76.251 0.000
1.0000000  0.0000000  0.0000000  0.0000000  1.0000000  0.0000000  0.0000000  0.0000000  1.0000000  
//----------------------------------------------------------
T19S3
T19I
-12.500 -45.751 0.000
1.0000000  0.0000000  0.0000000  0.0000000  1.0000000  0.0000000  0.0000000  0.0000000  1.0000000  
//----------------------------------------------------------
T19S4
T19I
12.500 -15.250 0.000
1.0000000  0.0000000  0.0000000  0.0000000  1.0000000  0.0000000  0.0000000  0.0000000  1.0000000  
//----------------------------------------------------------
T19S5
T19I
-12.500 15.250 0.000
1.0000000  0.0000000  0.0000000  0.0000000  1.0000000  0.0000000  0.0000000  0.0000000  1.0000000  
//----------------------------------------------------------
T19S6
T19I
12.500 45.751 0.000
1.0000000  0.0000000  0.0000000  0.0000000  1.0000000  0.0000000  0.0000000  0.0000000  1.0000000  
//----------------------------------------------------------
T19S7
T19I
-12.500 76.251 0.000
1.0000000  0.0000000  0.0000000  0.0000000  1.0000000  0.0000000  0.0000000  0.0000000  1.0000000  
//----------------------------------------------------------
T19S8
T19I
12.500 106.751 0.000
1.0000000  0.0000000  0.0000000  0.0000000  1.0000000  0.0000000  0.0000000  0.0000000  1.0000000  
//----------------------------------------------------------
T20F1
SEC1
BOX 
CARBONFIBRE$
 1085.000  -123.000   -16.250
 1085.000   123.000   -16.250
-1085.000   123.000   -16.250
-1085.000  -123.000   -16.250
 1085.000  -123.000    16.250
 1085.000   123.000    16.250
-1085.000   123.000    16.250
-1085.000  -123.000    16.250
-7.253 2045.858 702.896
0.9999936  -0.0011949  -0.0033260  0.0035339  0.3516646  0.9361194  0.0000510  -0.9361253  0.3516669  
//----------------------------------------------------------
T20I
T20F1
BOX 
INSULATOR_TOF$
 1085.000  -122.000   -15.250
 1085.000   122.000   -15.250
-1085.000   122.000   -15.250
-1085.000  -122.000   -15.250
 1085.000  -122.000    15.250
 1085.000   122.000    15.250
-1085.000   122.000    15.250
-1085.000  -122.000    15.250
0.000 0.000 0.000
1.0000000  0.0000000  0.0000000  0.0000000  1.0000000  0.0000000  0.0000000  0.0000000  1.0000000  
//----------------------------------------------------------
T20S1
T20I
BOX 
SCINTILLATOR$
 1067.500   -15.000   -15.000
 1067.500    15.000   -15.000
-1067.500    15.000   -15.000
-1067.500   -15.000   -15.000
 1067.500   -15.000    15.000
 1067.500    15.000    15.000
-1067.500    15.000    15.000
-1067.500   -15.000    15.000
-12.500 -106.751 0.000
1.0000000  0.0000000  0.0000000  0.0000000  1.0000000  0.0000000  0.0000000  0.0000000  1.0000000  
//----------------------------------------------------------
T20S2
T20I
12.500 -76.251 0.000
1.0000000  0.0000000  0.0000000  0.0000000  1.0000000  0.0000000  0.0000000  0.0000000  1.0000000  
//----------------------------------------------------------
T20S3
T20I
-12.500 -45.750 0.000
1.0000000  0.0000000  0.0000000  0.0000000  1.0000000  0.0000000  0.0000000  0.0000000  1.0000000  
//----------------------------------------------------------
T20S4
T20I
12.500 -15.250 0.000
1.0000000  0.0000000  0.0000000  0.0000000  1.0000000  0.0000000  0.0000000  0.0000000  1.0000000  
//----------------------------------------------------------
T20S5
T20I
-12.500 15.250 0.000
1.0000000  0.0000000  0.0000000  0.0000000  1.0000000  0.0000000  0.0000000  0.0000000  1.0000000  
//----------------------------------------------------------
T20S6
T20I
12.500 45.750 0.000
1.0000000  0.0000000  0.0000000  0.0000000  1.0000000  0.0000000  0.0000000  0.0000000  1.0000000  
//----------------------------------------------------------
T20S7
T20I
-12.500 76.251 0.000
1.0000000  0.0000000  0.0000000  0.0000000  1.0000000  0.0000000  0.0000000  0.0000000  1.0000000  
//----------------------------------------------------------
T20S8
T20I
12.500 106.751 0.000
1.0000000  0.0000000  0.0000000  0.0000000  1.0000000  0.0000000  0.0000000  0.0000000  1.0000000  
//----------------------------------------------------------
T21F1
SEC1
BOX 
CARBONFIBRE$
 1150.000  -123.000   -16.250
 1150.000   123.000   -16.250
-1150.000   123.000   -16.250
-1150.000  -123.000   -16.250
 1150.000  -123.000    16.250
 1150.000   123.000    16.250
-1150.000   123.000    16.250
-1150.000  -123.000    16.250
-7.621 2152.947 477.500
0.9999936  -0.0008108  -0.0034400  0.0035339  0.2434324  0.9699113  0.0000510  -0.9699177  0.2434337  
//----------------------------------------------------------
T21I
T21F1
BOX 
INSULATOR_TOF$
 1150.000  -122.000   -15.250
 1150.000   122.000   -15.250
-1150.000   122.000   -15.250
-1150.000  -122.000   -15.250
 1150.000  -122.000    15.250
 1150.000   122.000    15.250
-1150.000   122.000    15.250
-1150.000  -122.000    15.250
0.000 0.000 0.000
1.0000000  0.0000000  0.0000000  0.0000000  1.0000000  0.0000000  0.0000000  0.0000000  1.0000000  
//----------------------------------------------------------
T21S1
T21I
BOX 
SCINTILLATOR$
 1132.500   -15.000   -15.000
 1132.500    15.000   -15.000
-1132.500    15.000   -15.000
-1132.500   -15.000   -15.000
 1132.500   -15.000    15.000
 1132.500    15.000    15.000
-1132.500    15.000    15.000
-1132.500   -15.000    15.000
-12.500 -106.750 0.000
1.0000000  0.0000000  0.0000000  0.0000000  1.0000000  0.0000000  0.0000000  0.0000000  1.0000000  
//----------------------------------------------------------
T21S2
T21I
12.500 -76.250 0.000
1.0000000  0.0000000  0.0000000  0.0000000  1.0000000  0.0000000  0.0000000  0.0000000  1.0000000  
//----------------------------------------------------------
T21S3
T21I
-12.500 -45.750 0.000
1.0000000  0.0000000  0.0000000  0.0000000  1.0000000  0.0000000  0.0000000  0.0000000  1.0000000  
//----------------------------------------------------------
T21S4
T21I
12.500 -15.250 0.000
1.0000000  0.0000000  0.0000000  0.0000000  1.0000000  0.0000000  0.0000000  0.0000000  1.0000000  
//----------------------------------------------------------
T21S5
T21I
-12.500 15.250 0.000
1.0000000  0.0000000  0.0000000  0.0000000  1.0000000  0.0000000  0.0000000  0.0000000  1.0000000  
//----------------------------------------------------------
T21S6
T21I
12.500 45.750 0.000
1.0000000  0.0000000  0.0000000  0.0000000  1.0000000  0.0000000  0.0000000  0.0000000  1.0000000  
//----------------------------------------------------------
T21S7
T21I
-12.500 76.250 0.000
1.0000000  0.0000000  0.0000000  0.0000000  1.0000000  0.0000000  0.0000000  0.0000000  1.0000000  
//----------------------------------------------------------
T21S8
T21I
12.500 106.750 0.000
1.0000000  0.0000000  0.0000000  0.0000000  1.0000000  0.0000000  0.0000000  0.0000000  1.0000000  
//----------------------------------------------------------
T22F1
SEC1
BOX 
CARBONFIBRE$
 1200.000  -123.000   -16.250
 1200.000   123.000   -16.250
-1200.000   123.000   -16.250
-1200.000  -123.000   -16.250
 1200.000  -123.000    16.250
 1200.000   123.000    16.250
-1200.000   123.000    16.250
-1200.000  -123.000    16.250
-7.898 2234.019 242.035
0.9999936  -0.0004285  -0.0035083  0.0035339  0.1355298  0.9907672  0.0000510  -0.9907730  0.1355305  
//----------------------------------------------------------
T22I
T22F1
BOX 
INSULATOR_TOF$
 1200.000  -122.000   -15.250
 1200.000   122.000   -15.250
-1200.000   122.000   -15.250
-1200.000  -122.000   -15.250
 1200.000  -122.000    15.250
 1200.000   122.000    15.250
-1200.000   122.000    15.250
-1200.000  -122.000    15.250
0.000 0.000 0.000
1.0000000  0.0000000  0.0000000  0.0000000  1.0000000  0.0000000  0.0000000  0.0000000  1.0000000  
//----------------------------------------------------------
T22S1
T22I
BOX 
SCINTILLATOR$
 1182.500   -15.000   -15.000
 1182.500    15.000   -15.000
-1182.500    15.000   -15.000
-1182.500   -15.000   -15.000
 1182.500   -15.000    15.000
 1182.500    15.000    15.000
-1182.500    15.000    15.000
-1182.500   -15.000    15.000
-12.500 -106.750 0.000
1.0000000  0.0000000  0.0000000  0.0000000  1.0000000  0.0000000  0.0000000  0.0000000  1.0000000  
//----------------------------------------------------------
T22S2
T22I
12.500 -76.250 0.000
1.0000000  0.0000000  0.0000000  0.0000000  1.0000000  0.0000000  0.0000000  0.0000000  1.0000000  
//----------------------------------------------------------
T22S3
T22I
-12.500 -45.750 0.000
1.0000000  0.0000000  0.0000000  0.0000000  1.0000000  0.0000000  0.0000000  0.0000000  1.0000000  
//----------------------------------------------------------
T22S5
T22I
-12.500 15.250 0.000
1.0000000  0.0000000  0.0000000  0.0000000  1.0000000  0.0000000  0.0000000  0.0000000  1.0000000  
//----------------------------------------------------------
T22S7
T22I
-12.500 76.250 0.000
1.0000000  0.0000000  0.0000000  0.0000000  1.0000000  0.0000000  0.0000000  0.0000000  1.0000000  
//----------------------------------------------------------
T22S8
T22I
12.500 106.750 0.000
1.0000000  0.0000000  0.0000000  0.0000000  1.0000000  0.0000000  0.0000000  0.0000000  1.0000000  
//----------------------------------------------------------
T22S6
T22I
12.500 45.750 0.000
1.0000000  0.0000000  0.0000000  0.0000000  1.0000000  0.0000000  0.0000000  0.0000000  1.0000000  
//----------------------------------------------------------
T22S4
T22I
12.500 -15.250 0.000
1.0000000  0.0000000  0.0000000  0.0000000  1.0000000  0.0000000  0.0000000  0.0000000  1.0000000  
//----------------------------------------------------------
T15F2
SEC2
12.813 1461.186 1435.216
0.9999628  0.0060301  0.0061661  -0.0086214  0.7174610  0.6965451  -0.0002242  -0.6965726  0.7174861  
//----------------------------------------------------------
T16F2
SEC2
13.953 1596.107 1337.396
0.9999628  0.0055276  0.0066203  -0.0086214  0.6605987  0.7506893  -0.0002242  -0.7507187  0.6606221  
//----------------------------------------------------------
T17F2
SEC2
15.028 1723.482 1228.758
0.9999628  0.0049911  0.0070337  -0.0086214  0.5996640  0.8002053  -0.0002242  -0.8002362  0.5996849  
//----------------------------------------------------------
T18F2
SEC2
16.030 1843.011 1109.185
0.9999628  0.0044496  0.0073882  -0.0086214  0.5379780  0.8429148  -0.0002242  -0.8429473  0.5379960  
//----------------------------------------------------------
T19F2
SEC2
16.593 1913.367 916.446
0.9999628  0.0037211  0.0077806  -0.0086214  0.4547113  0.8905971  -0.0002242  -0.8906314  0.4547262  
//----------------------------------------------------------
T20F2
SEC2
17.685 2045.353 704.457
0.9999628  0.0028164  0.0081520  -0.0086214  0.3509696  0.9363471  -0.0002242  -0.9363826  0.3509811  
//----------------------------------------------------------
T21F2
SEC2
18.554 2152.301 478.827
0.9999628  0.0018753  0.0084182  -0.0086214  0.2427164  0.9700588  -0.0002242  -0.9700955  0.2427235  
//----------------------------------------------------------
T22F2
SEC2
19.200 2233.202 243.079
0.9999628  0.0009404  0.0085733  -0.0086214  0.1348018  0.9908350  -0.0002242  -0.9908723  0.1348049  
//----------------------------------------------------------
T15F3
SEC3
9.227 1448.694 1437.594
0.9999797  0.0045385  0.0044141  -0.0063308  0.7223000  0.6915507  -0.0000496  -0.6915651  0.7223142  
//----------------------------------------------------------
T16F3
SEC3
10.088 1585.196 1340.051
0.9999797  0.0041782  0.0047565  -0.0063308  0.6658150  0.7460899  -0.0000496  -0.7461052  0.6658283  
//----------------------------------------------------------
T17F3
SEC3
10.904 1714.838 1230.552
0.9999797  0.0037919  0.0050697  -0.0063308  0.6052248  0.7960290  -0.0000496  -0.7960455  0.6052368  
//----------------------------------------------------------
T18F3
SEC3
11.673 1837.288 1108.524
0.9999797  0.0034011  0.0053396  -0.0063308  0.5438362  0.8391676  -0.0000496  -0.8391845  0.5438467  
//----------------------------------------------------------
T19F3
SEC3
12.103 1906.955 919.276
0.9999797  0.0028738  0.0056409  -0.0063308  0.4609017  0.8874284  -0.0000496  -0.8874463  0.4609108  
//----------------------------------------------------------
T20F3
SEC3
12.936 2040.119 708.756
0.9999797  0.0022166  0.0059301  -0.0063308  0.3574793  0.9338994  -0.0000496  -0.9339185  0.3574861  
//----------------------------------------------------------
T21F3
SEC3
13.613 2148.670 483.706
0.9999797  0.0015310  0.0061430  -0.0063308  0.2494608  0.9683641  -0.0000496  -0.9683836  0.2494654  
//----------------------------------------------------------
T22F3
SEC3
14.120 2230.808 251.110
0.9999797  0.0008480  0.0062737  -0.0063308  0.1416917  0.9898904  -0.0000496  -0.9899105  0.1416942  
//----------------------------------------------------------
T15F4
SEC4
6.586 1451.627 1452.225
0.9999902  0.0031029  0.0032077  -0.0044600  0.7193815  0.6946008  -0.0001522  -0.6946082  0.7193883  
//----------------------------------------------------------
T16F4
SEC4
7.170 1586.841 1353.863
0.9999902  0.0028417  0.0034413  -0.0044600  0.6626660  0.7489017  -0.0001522  -0.7489097  0.6626722  
//----------------------------------------------------------
T17F4
SEC4
7.727 1714.620 1245.532
0.9999902  0.0025631  0.0036537  -0.0044600  0.6018653  0.7985853  -0.0001522  -0.7985938  0.6018708  
//----------------------------------------------------------
T18F4
SEC4
8.251 1835.592 1124.645
0.9999902  0.0022817  0.0038354  -0.0044600  0.5402942  0.8414643  -0.0001522  -0.8414734  0.5402993  
//----------------------------------------------------------
T19F4
SEC4
8.534 1906.205 932.345
0.9999902  0.0019037  0.0040365  -0.0044600  0.4571560  0.8893753  -0.0001522  -0.8893847  0.4571599  
//----------------------------------------------------------
T20F4
SEC4
9.088 2038.337 721.563
0.9999902  0.0014344  0.0042261  -0.0044600  0.3535373  0.9354098  -0.0001522  -0.9354195  0.3535401  
//----------------------------------------------------------
T21F4
SEC4
9.536 2145.934 496.115
0.9999902  0.0009468  0.0043613  -0.0044600  0.2453732  0.9694184  -0.0001522  -0.9694282  0.2453751  
//----------------------------------------------------------
T22F4
SEC4
9.863 2227.465 260.580
0.9999902  0.0004628  0.0044389  -0.0044600  0.1375128  0.9904899  -0.0001522  -0.9904998  0.1375135  
//----------------------------------------------------------
T15F5
SEC5
-7.408 1457.752 1452.327
0.9999873  -0.0035392  -0.0035689  0.0050251  0.7205933  0.6933397  0.0001175  -0.6933488  0.7206021  
//----------------------------------------------------------
T16F5
SEC5
-8.082 1593.673 1354.654
0.9999873  -0.0032485  -0.0038356  0.0050251  0.6639732  0.7477392  0.0001175  -0.7477493  0.6639812  
//----------------------------------------------------------
T17F5
SEC5
-8.718 1722.860 1244.936
0.9999873  -0.0029375  -0.0040785  0.0050251  0.6032595  0.7975291  0.0001175  -0.7975394  0.6032667  
//----------------------------------------------------------
T18F5
SEC5
-9.305 1842.673 1126.108
0.9999873  -0.0026235  -0.0042873  0.0050251  0.5417635  0.8405160  0.0001175  -0.8405267  0.5417702  
//----------------------------------------------------------
T19F5
SEC5
-9.636 1913.304 934.609
0.9999873  -0.0022004  -0.0045188  0.0050251  0.4587098  0.8885721  0.0001175  -0.8885834  0.4587148  
//----------------------------------------------------------
T20F5
SEC5
-10.281 2046.201 723.344
0.9999873  -0.0016748  -0.0047392  0.0050251  0.3551716  0.9347875  0.0001175  -0.9347995  0.3551757  
//----------------------------------------------------------
T21F5
SEC5
-10.800 2154.409 497.343
0.9999873  -0.0011273  -0.0048984  0.0050251  0.2470676  0.9689850  0.0001175  -0.9689978  0.2470703  
//----------------------------------------------------------
T22F5
SEC5
-11.181 2236.006 263.972
0.9999873  -0.0005831  -0.0049924  0.0050251  0.1392448  0.9902451  0.0001175  -0.9902576  0.1392461  
//----------------------------------------------------------
T15F6
SEC6
-13.224 1458.769 1440.360
0.9999599  -0.0063144  -0.0063490  0.0089519  0.7218086  0.6920349  0.0002133  -0.6920641  0.7218363  
//----------------------------------------------------------
T16F6
SEC6
-14.421 1595.050 1342.685
0.9999599  -0.0057968  -0.0068248  0.0089519  0.6652867  0.7465341  0.0002133  -0.7465653  0.6653120  
//----------------------------------------------------------
T17F6
SEC6
-15.549 1723.826 1233.916
0.9999599  -0.0052434  -0.0072589  0.0089519  0.6046637  0.7964306  0.0002133  -0.7964636  0.6046863  
//----------------------------------------------------------
T18F6
SEC6
-16.599 1843.666 1115.630
0.9999599  -0.0046842  -0.0076314  0.0089519  0.5432463  0.8395258  0.0002133  -0.8395601  0.5432665  
//----------------------------------------------------------
T19F6
SEC6
-17.198 1915.059 922.668
0.9999599  -0.0039312  -0.0080451  0.0089519  0.4602804  0.8877284  0.0002133  -0.8877648  0.4602971  
//----------------------------------------------------------
T20F6
SEC6
-18.344 2048.472 712.179
0.9999599  -0.0029952  -0.0084385  0.0089519  0.3568278  0.9341274  0.0002133  -0.9341654  0.3568405  
//----------------------------------------------------------
T21F6
SEC6
-19.270 2156.830 487.126
0.9999599  -0.0020209  -0.0087237  0.0089519  0.2487878  0.9685162  0.0002133  -0.9685558  0.2487958  
//----------------------------------------------------------
T22F6
SEC6
-19.953 2238.990 253.127
0.9999599  -0.0010515  -0.0088925  0.0089519  0.1410062  0.9899683  0.0002133  -0.9900082  0.1410098  
//----------------------------------------------------------
