//----------------------------------------------------------
SEC1
CAVE
PGON
AIR$
  5
   60.000    60.000     1.000
 -290.000   790.000  2475.000
  -59.372   790.000  2475.000
  521.899   192.204  2475.000
  521.899     0.000  2475.000
 2752.300     0.000  2475.000
0.000 0.000 0.000
1.0000000  0.0000000  0.0000000  0.0000000  1.0000000  0.0000000  0.0000000  0.0000000  1.0000000  
//----------------------------------------------------------
SEC2
CAVE
PGON
AIR$
  5
   60.000    60.000     1.000
 -290.000   790.000  2475.000
  -59.372   790.000  2475.000
  521.899   192.204  2475.000
  521.899     0.000  2475.000
 2752.300     0.000  2475.000
0.000 0.000 0.000
0.5000000  -0.8660254  0.0000000  0.8660254  0.5000000  0.0000000  0.0000000  0.0000000  1.0000000  
//----------------------------------------------------------
SEC3
CAVE
PGON
AIR$
  5
   60.000    60.000     1.000
 -290.000   790.000  2475.000
  -59.372   790.000  2475.000
  521.899   192.204  2475.000
  521.899     0.000  2475.000
 2752.300     0.000  2475.000
0.000 0.000 0.000
-0.5000000  -0.8660254  0.0000000  0.8660254  -0.5000000  0.0000000  0.0000000  0.0000000  1.0000000  
//----------------------------------------------------------
SEC4
CAVE
PGON
AIR$
  5
   60.000    60.000     1.000
 -290.000   790.000  2475.000
  -59.372   790.000  2475.000
  521.899   192.204  2475.000
  521.899     0.000  2475.000
 2752.300     0.000  2475.000
0.000 0.000 0.000
-1.0000000  0.0000000  0.0000000  0.0000000  -1.0000000  0.0000000  0.0000000  0.0000000  1.0000000  
//----------------------------------------------------------
SEC5
CAVE
PGON
AIR$
  5
   60.000    60.000     1.000
 -290.000   790.000  2475.000
  -59.372   790.000  2475.000
  521.899   192.204  2475.000
  521.899     0.000  2475.000
 2752.300     0.000  2475.000
0.000 0.000 0.000
-0.5000000  0.8660254  0.0000000  -0.8660254  -0.5000000  0.0000000  0.0000000  0.0000000  1.0000000  
//----------------------------------------------------------
SEC6
CAVE
PGON
AIR$
  5
   60.000    60.000     1.000
 -290.000   790.000  2475.000
  -59.372   790.000  2475.000
  521.899   192.204  2475.000
  521.899     0.000  2475.000
 2752.300     0.000  2475.000
0.000 0.000 0.000
0.5000000  0.8660254  0.0000000  -0.8660254  0.5000000  0.0000000  0.0000000  0.0000000  1.0000000  
//----------------------------------------------------------
