//----------------------------------------------------------
T15F1
SEC1
BOX 
CARBONFIBRE$
  755.000   -83.000   -11.250
  755.000    83.000   -11.250
 -755.000    83.000   -11.250
 -755.000   -83.000   -11.250
  755.000   -83.000    11.250
  755.000    83.000    11.250
 -755.000    83.000    11.250
 -755.000   -83.000    11.250
-5.370 1461.714 1436.171
0.9999932  -0.0025761  -0.0025683  0.0036373  0.7176546  0.6963897  0.0000492  -0.6963944  0.7176592  
//----------------------------------------------------------
T15I
T15F1
BOX 
INSULATOR_TOF$
  755.000   -82.000   -10.250
  755.000    82.000   -10.250
 -755.000    82.000   -10.250
 -755.000   -82.000   -10.250
  755.000   -82.000    10.250
  755.000    82.000    10.250
 -755.000    82.000    10.250
 -755.000   -82.000    10.250
0.000 0.000 0.000
1.0000000  0.0000000  0.0000000  0.0000000  1.0000000  0.0000000  0.0000000  0.0000000  1.0000000  
//----------------------------------------------------------
T15S1
T15I
BOX 
SCINTILLATOR$
  737.500   -10.000   -10.000
  737.500    10.000   -10.000
 -737.500    10.000   -10.000
 -737.500   -10.000   -10.000
  737.500   -10.000    10.000
  737.500    10.000    10.000
 -737.500    10.000    10.000
 -737.500   -10.000    10.000
-17.500 -71.750 0.000
1.0000000  0.0000000  0.0000000  0.0000000  1.0000000  0.0000000  0.0000000  0.0000000  1.0000000  
//----------------------------------------------------------
T15S2
T15I
17.500 -51.250 0.000
1.0000000  0.0000000  0.0000000  0.0000000  1.0000000  0.0000000  0.0000000  0.0000000  1.0000000  
//----------------------------------------------------------
T15S3
T15I
-17.500 -30.750 0.000
1.0000000  0.0000000  0.0000000  0.0000000  1.0000000  0.0000000  0.0000000  0.0000000  1.0000000  
//----------------------------------------------------------
T15S4
T15I
17.500 -10.250 0.000
1.0000000  0.0000000  0.0000000  0.0000000  1.0000000  0.0000000  0.0000000  0.0000000  1.0000000  
//----------------------------------------------------------
T15S5
T15I
-17.500 10.250 0.000
1.0000000  0.0000000  0.0000000  0.0000000  1.0000000  0.0000000  0.0000000  0.0000000  1.0000000  
//----------------------------------------------------------
T15S6
T15I
17.500 30.750 0.000
1.0000000  0.0000000  0.0000000  0.0000000  1.0000000  0.0000000  0.0000000  0.0000000  1.0000000  
//----------------------------------------------------------
T15S7
T15I
-17.500 51.250 0.000
1.0000000  0.0000000  0.0000000  0.0000000  1.0000000  0.0000000  0.0000000  0.0000000  1.0000000  
//----------------------------------------------------------
T15S8
T15I
17.500 71.750 0.000
1.0000000  0.0000000  0.0000000  0.0000000  1.0000000  0.0000000  0.0000000  0.0000000  1.0000000  
//----------------------------------------------------------
T16F1
SEC1
BOX 
CARBONFIBRE$
  830.000   -83.000   -11.250
  830.000    83.000   -11.250
 -830.000    83.000   -11.250
 -830.000   -83.000   -11.250
  830.000   -83.000    11.250
  830.000    83.000    11.250
 -830.000    83.000    11.250
 -830.000   -83.000    11.250
-5.862 1598.217 1336.921
0.9999932  -0.0023667  -0.0027624  0.0036373  0.6608043  0.7505495  0.0000492  -0.7505543  0.6608085  
//----------------------------------------------------------
T16I
T16F1
BOX 
INSULATOR_TOF$
  830.000   -82.000   -10.250
  830.000    82.000   -10.250
 -830.000    82.000   -10.250
 -830.000   -82.000   -10.250
  830.000   -82.000    10.250
  830.000    82.000    10.250
 -830.000    82.000    10.250
 -830.000   -82.000    10.250
0.000 0.000 0.000
1.0000000  0.0000000  0.0000000  0.0000000  1.0000000  0.0000000  0.0000000  0.0000000  1.0000000  
//----------------------------------------------------------
T16S6
T16I
BOX 
SCINTILLATOR$
  812.500   -10.000   -10.000
  812.500    10.000   -10.000
 -812.500    10.000   -10.000
 -812.500   -10.000   -10.000
  812.500   -10.000    10.000
  812.500    10.000    10.000
 -812.500    10.000    10.000
 -812.500   -10.000    10.000
17.500 30.750 0.000
1.0000000  0.0000000  0.0000000  0.0000000  1.0000000  0.0000000  0.0000000  0.0000000  1.0000000  
//----------------------------------------------------------
T16S1
T16I
-17.500 -71.750 0.000
1.0000000  0.0000000  0.0000000  0.0000000  1.0000000  0.0000000  0.0000000  0.0000000  1.0000000  
//----------------------------------------------------------
T16S3
T16I
-17.500 -30.750 0.000
1.0000000  0.0000000  0.0000000  0.0000000  1.0000000  0.0000000  0.0000000  0.0000000  1.0000000  
//----------------------------------------------------------
T16S7
T16I
-17.500 51.250 0.000
1.0000000  0.0000000  0.0000000  0.0000000  1.0000000  0.0000000  0.0000000  0.0000000  1.0000000  
//----------------------------------------------------------
T16S8
T16I
17.500 71.750 0.000
1.0000000  0.0000000  0.0000000  0.0000000  1.0000000  0.0000000  0.0000000  0.0000000  1.0000000  
//----------------------------------------------------------
T16S4
T16I
17.500 -10.250 0.000
1.0000000  0.0000000  0.0000000  0.0000000  1.0000000  0.0000000  0.0000000  0.0000000  1.0000000  
//----------------------------------------------------------
T16S2
T16I
17.500 -51.250 0.000
1.0000000  0.0000000  0.0000000  0.0000000  1.0000000  0.0000000  0.0000000  0.0000000  1.0000000  
//----------------------------------------------------------
T16S5
T16I
-17.500 10.250 0.000
1.0000000  0.0000000  0.0000000  0.0000000  1.0000000  0.0000000  0.0000000  0.0000000  1.0000000  
//----------------------------------------------------------
T17F1
SEC1
BOX 
CARBONFIBRE$
  915.000   -83.000   -11.250
  915.000    83.000   -11.250
 -915.000    83.000   -11.250
 -915.000   -83.000   -11.250
  915.000   -83.000    11.250
  915.000    83.000    11.250
 -915.000    83.000    11.250
 -915.000   -83.000    11.250
-6.321 1726.466 1227.252
0.9999932  -0.0021428  -0.0029397  0.0036373  0.5998798  0.8000820  0.0000492  -0.8000874  0.5998835  
//----------------------------------------------------------
T17I
T17F1
BOX 
INSULATOR_TOF$
  915.000   -82.000   -10.250
  915.000    82.000   -10.250
 -915.000    82.000   -10.250
 -915.000   -82.000   -10.250
  915.000   -82.000    10.250
  915.000    82.000    10.250
 -915.000    82.000    10.250
 -915.000   -82.000    10.250
0.000 0.000 0.000
1.0000000  0.0000000  0.0000000  0.0000000  1.0000000  0.0000000  0.0000000  0.0000000  1.0000000  
//----------------------------------------------------------
T17S1
T17I
BOX 
SCINTILLATOR$
  897.500   -10.000   -10.000
  897.500    10.000   -10.000
 -897.500    10.000   -10.000
 -897.500   -10.000   -10.000
  897.500   -10.000    10.000
  897.500    10.000    10.000
 -897.500    10.000    10.000
 -897.500   -10.000    10.000
-17.500 -71.749 0.000
1.0000000  0.0000000  0.0000000  0.0000000  1.0000000  0.0000000  0.0000000  0.0000000  1.0000000  
//----------------------------------------------------------
T17S2
T17I
17.500 -51.249 0.000
1.0000000  0.0000000  0.0000000  0.0000000  1.0000000  0.0000000  0.0000000  0.0000000  1.0000000  
//----------------------------------------------------------
T17S3
T17I
-17.500 -30.750 0.000
1.0000000  0.0000000  0.0000000  0.0000000  1.0000000  0.0000000  0.0000000  0.0000000  1.0000000  
//----------------------------------------------------------
T17S4
T17I
17.500 -10.250 0.000
1.0000000  0.0000000  0.0000000  0.0000000  1.0000000  0.0000000  0.0000000  0.0000000  1.0000000  
//----------------------------------------------------------
T17S5
T17I
-17.500 10.250 0.000
1.0000000  0.0000000  0.0000000  0.0000000  1.0000000  0.0000000  0.0000000  0.0000000  1.0000000  
//----------------------------------------------------------
T17S6
T17I
17.500 30.750 0.000
1.0000000  0.0000000  0.0000000  0.0000000  1.0000000  0.0000000  0.0000000  0.0000000  1.0000000  
//----------------------------------------------------------
T17S7
T17I
-17.500 51.249 0.000
1.0000000  0.0000000  0.0000000  0.0000000  1.0000000  0.0000000  0.0000000  0.0000000  1.0000000  
//----------------------------------------------------------
T17S8
T17I
17.500 71.749 0.000
1.0000000  0.0000000  0.0000000  0.0000000  1.0000000  0.0000000  0.0000000  0.0000000  1.0000000  
//----------------------------------------------------------
T18F1
SEC1
BOX 
CARBONFIBRE$
  987.500   -83.000   -11.250
  987.500    83.000   -11.250
 -987.500    83.000   -11.250
 -987.500   -83.000   -11.250
  987.500   -83.000    11.250
  987.500    83.000    11.250
 -987.500    83.000    11.250
 -987.500   -83.000    11.250
-6.751 1846.042 1107.560
0.9999932  -0.0019164  -0.0030919  0.0036373  0.5382023  0.8428080  0.0000492  -0.8428136  0.5382056  
//----------------------------------------------------------
T18I
T18F1
BOX 
INSULATOR_TOF$
  987.500   -82.000   -10.250
  987.500    82.000   -10.250
 -987.500    82.000   -10.250
 -987.500   -82.000   -10.250
  987.500   -82.000    10.250
  987.500    82.000    10.250
 -987.500    82.000    10.250
 -987.500   -82.000    10.250
0.000 0.000 0.000
1.0000000  0.0000000  0.0000000  0.0000000  1.0000000  0.0000000  0.0000000  0.0000000  1.0000000  
//----------------------------------------------------------
T18S1
T18I
BOX 
SCINTILLATOR$
  970.000   -10.000   -10.000
  970.000    10.000   -10.000
 -970.000    10.000   -10.000
 -970.000   -10.000   -10.000
  970.000   -10.000    10.000
  970.000    10.000    10.000
 -970.000    10.000    10.000
 -970.000   -10.000    10.000
-17.500 -71.749 0.000
1.0000000  0.0000000  0.0000000  0.0000000  1.0000000  0.0000000  0.0000000  0.0000000  1.0000000  
//----------------------------------------------------------
T18S2
T18I
17.500 -51.250 0.000
1.0000000  0.0000000  0.0000000  0.0000000  1.0000000  0.0000000  0.0000000  0.0000000  1.0000000  
//----------------------------------------------------------
T18S3
T18I
-17.500 -30.750 0.000
1.0000000  0.0000000  0.0000000  0.0000000  1.0000000  0.0000000  0.0000000  0.0000000  1.0000000  
//----------------------------------------------------------
T18S4
T18I
17.500 -10.250 0.000
1.0000000  0.0000000  0.0000000  0.0000000  1.0000000  0.0000000  0.0000000  0.0000000  1.0000000  
//----------------------------------------------------------
T18S5
T18I
-17.500 10.250 0.000
1.0000000  0.0000000  0.0000000  0.0000000  1.0000000  0.0000000  0.0000000  0.0000000  1.0000000  
//----------------------------------------------------------
T18S6
T18I
17.500 30.750 0.000
1.0000000  0.0000000  0.0000000  0.0000000  1.0000000  0.0000000  0.0000000  0.0000000  1.0000000  
//----------------------------------------------------------
T18S7
T18I
-17.500 51.250 0.000
1.0000000  0.0000000  0.0000000  0.0000000  1.0000000  0.0000000  0.0000000  0.0000000  1.0000000  
//----------------------------------------------------------
T18S8
T18I
17.500 71.749 0.000
1.0000000  0.0000000  0.0000000  0.0000000  1.0000000  0.0000000  0.0000000  0.0000000  1.0000000  
//----------------------------------------------------------
T19F1
SEC1
BOX 
CARBONFIBRE$
 1002.500  -123.000   -16.250
 1002.500   123.000   -16.250
-1002.500   123.000   -16.250
-1002.500  -123.000   -16.250
 1002.500  -123.000    16.250
 1002.500   123.000    16.250
-1002.500   123.000    16.250
-1002.500  -123.000    16.250
-6.997 1916.468 914.580
0.9999932  -0.0016111  -0.0032615  0.0036373  0.4549448  0.8905123  0.0000492  -0.8905182  0.4549476  
//----------------------------------------------------------
T19I
T19F1
BOX 
INSULATOR_TOF$
 1002.500  -122.000   -15.250
 1002.500   122.000   -15.250
-1002.500   122.000   -15.250
-1002.500  -122.000   -15.250
 1002.500  -122.000    15.250
 1002.500   122.000    15.250
-1002.500   122.000    15.250
-1002.500  -122.000    15.250
0.000 0.000 0.000
1.0000000  0.0000000  0.0000000  0.0000000  1.0000000  0.0000000  0.0000000  0.0000000  1.0000000  
//----------------------------------------------------------
T19S1
T19I
BOX 
SCINTILLATOR$
  985.000   -15.000   -15.000
  985.000    15.000   -15.000
 -985.000    15.000   -15.000
 -985.000   -15.000   -15.000
  985.000   -15.000    15.000
  985.000    15.000    15.000
 -985.000    15.000    15.000
 -985.000   -15.000    15.000
-12.500 -106.751 0.000
1.0000000  0.0000000  0.0000000  0.0000000  1.0000000  0.0000000  0.0000000  0.0000000  1.0000000  
//----------------------------------------------------------
T19S2
T19I
12.500 -76.251 0.000
1.0000000  0.0000000  0.0000000  0.0000000  1.0000000  0.0000000  0.0000000  0.0000000  1.0000000  
//----------------------------------------------------------
T19S3
T19I
-12.500 -45.751 0.000
1.0000000  0.0000000  0.0000000  0.0000000  1.0000000  0.0000000  0.0000000  0.0000000  1.0000000  
//----------------------------------------------------------
T19S4
T19I
12.500 -15.250 0.000
1.0000000  0.0000000  0.0000000  0.0000000  1.0000000  0.0000000  0.0000000  0.0000000  1.0000000  
//----------------------------------------------------------
T19S5
T19I
-12.500 15.250 0.000
1.0000000  0.0000000  0.0000000  0.0000000  1.0000000  0.0000000  0.0000000  0.0000000  1.0000000  
//----------------------------------------------------------
T19S6
T19I
12.500 45.751 0.000
1.0000000  0.0000000  0.0000000  0.0000000  1.0000000  0.0000000  0.0000000  0.0000000  1.0000000  
//----------------------------------------------------------
T19S7
T19I
-12.500 76.251 0.000
1.0000000  0.0000000  0.0000000  0.0000000  1.0000000  0.0000000  0.0000000  0.0000000  1.0000000  
//----------------------------------------------------------
T19S8
T19I
12.500 106.751 0.000
1.0000000  0.0000000  0.0000000  0.0000000  1.0000000  0.0000000  0.0000000  0.0000000  1.0000000  
//----------------------------------------------------------
T20F1
SEC1
BOX 
CARBONFIBRE$
 1085.000  -123.000   -16.250
 1085.000   123.000   -16.250
-1085.000   123.000   -16.250
-1085.000  -123.000   -16.250
 1085.000  -123.000    16.250
 1085.000   123.000    16.250
-1085.000   123.000    16.250
-1085.000  -123.000    16.250
-7.467 2048.086 703.350
0.9999932  -0.0012314  -0.0034229  0.0036373  0.3512113  0.9362891  0.0000492  -0.9362954  0.3512136  
//----------------------------------------------------------
T20I
T20F1
BOX 
INSULATOR_TOF$
 1085.000  -122.000   -15.250
 1085.000   122.000   -15.250
-1085.000   122.000   -15.250
-1085.000  -122.000   -15.250
 1085.000  -122.000    15.250
 1085.000   122.000    15.250
-1085.000   122.000    15.250
-1085.000  -122.000    15.250
0.000 0.000 0.000
1.0000000  0.0000000  0.0000000  0.0000000  1.0000000  0.0000000  0.0000000  0.0000000  1.0000000  
//----------------------------------------------------------
T20S1
T20I
BOX 
SCINTILLATOR$
 1067.500   -15.000   -15.000
 1067.500    15.000   -15.000
-1067.500    15.000   -15.000
-1067.500   -15.000   -15.000
 1067.500   -15.000    15.000
 1067.500    15.000    15.000
-1067.500    15.000    15.000
-1067.500   -15.000    15.000
-12.500 -106.751 0.000
1.0000000  0.0000000  0.0000000  0.0000000  1.0000000  0.0000000  0.0000000  0.0000000  1.0000000  
//----------------------------------------------------------
T20S2
T20I
12.500 -76.251 0.000
1.0000000  0.0000000  0.0000000  0.0000000  1.0000000  0.0000000  0.0000000  0.0000000  1.0000000  
//----------------------------------------------------------
T20S3
T20I
-12.500 -45.750 0.000
1.0000000  0.0000000  0.0000000  0.0000000  1.0000000  0.0000000  0.0000000  0.0000000  1.0000000  
//----------------------------------------------------------
T20S4
T20I
12.500 -15.250 0.000
1.0000000  0.0000000  0.0000000  0.0000000  1.0000000  0.0000000  0.0000000  0.0000000  1.0000000  
//----------------------------------------------------------
T20S5
T20I
-12.500 15.250 0.000
1.0000000  0.0000000  0.0000000  0.0000000  1.0000000  0.0000000  0.0000000  0.0000000  1.0000000  
//----------------------------------------------------------
T20S6
T20I
12.500 45.750 0.000
1.0000000  0.0000000  0.0000000  0.0000000  1.0000000  0.0000000  0.0000000  0.0000000  1.0000000  
//----------------------------------------------------------
T20S7
T20I
-12.500 76.251 0.000
1.0000000  0.0000000  0.0000000  0.0000000  1.0000000  0.0000000  0.0000000  0.0000000  1.0000000  
//----------------------------------------------------------
T20S8
T20I
12.500 106.751 0.000
1.0000000  0.0000000  0.0000000  0.0000000  1.0000000  0.0000000  0.0000000  0.0000000  1.0000000  
//----------------------------------------------------------
T21F1
SEC1
BOX 
CARBONFIBRE$
 1150.000  -123.000   -16.250
 1150.000   123.000   -16.250
-1150.000   123.000   -16.250
-1150.000  -123.000   -16.250
 1150.000  -123.000    16.250
 1150.000   123.000    16.250
-1150.000   123.000    16.250
-1150.000  -123.000    16.250
-7.844 2155.051 477.737
0.9999932  -0.0008361  -0.0035404  0.0036373  0.2429629  0.9700286  0.0000492  -0.9700354  0.2429643  
//----------------------------------------------------------
T21I
T21F1
BOX 
INSULATOR_TOF$
 1150.000  -122.000   -15.250
 1150.000   122.000   -15.250
-1150.000   122.000   -15.250
-1150.000  -122.000   -15.250
 1150.000  -122.000    15.250
 1150.000   122.000    15.250
-1150.000   122.000    15.250
-1150.000  -122.000    15.250
0.000 0.000 0.000
1.0000000  0.0000000  0.0000000  0.0000000  1.0000000  0.0000000  0.0000000  0.0000000  1.0000000  
//----------------------------------------------------------
T21S1
T21I
BOX 
SCINTILLATOR$
 1132.500   -15.000   -15.000
 1132.500    15.000   -15.000
-1132.500    15.000   -15.000
-1132.500   -15.000   -15.000
 1132.500   -15.000    15.000
 1132.500    15.000    15.000
-1132.500    15.000    15.000
-1132.500   -15.000    15.000
-12.500 -106.750 0.000
1.0000000  0.0000000  0.0000000  0.0000000  1.0000000  0.0000000  0.0000000  0.0000000  1.0000000  
//----------------------------------------------------------
T21S2
T21I
12.500 -76.250 0.000
1.0000000  0.0000000  0.0000000  0.0000000  1.0000000  0.0000000  0.0000000  0.0000000  1.0000000  
//----------------------------------------------------------
T21S3
T21I
-12.500 -45.750 0.000
1.0000000  0.0000000  0.0000000  0.0000000  1.0000000  0.0000000  0.0000000  0.0000000  1.0000000  
//----------------------------------------------------------
T21S4
T21I
12.500 -15.250 0.000
1.0000000  0.0000000  0.0000000  0.0000000  1.0000000  0.0000000  0.0000000  0.0000000  1.0000000  
//----------------------------------------------------------
T21S5
T21I
-12.500 15.250 0.000
1.0000000  0.0000000  0.0000000  0.0000000  1.0000000  0.0000000  0.0000000  0.0000000  1.0000000  
//----------------------------------------------------------
T21S6
T21I
12.500 45.750 0.000
1.0000000  0.0000000  0.0000000  0.0000000  1.0000000  0.0000000  0.0000000  0.0000000  1.0000000  
//----------------------------------------------------------
T21S7
T21I
-12.500 76.250 0.000
1.0000000  0.0000000  0.0000000  0.0000000  1.0000000  0.0000000  0.0000000  0.0000000  1.0000000  
//----------------------------------------------------------
T21S8
T21I
12.500 106.750 0.000
1.0000000  0.0000000  0.0000000  0.0000000  1.0000000  0.0000000  0.0000000  0.0000000  1.0000000  
//----------------------------------------------------------
T22F1
SEC1
BOX 
CARBONFIBRE$
 1200.000  -123.000   -16.250
 1200.000   123.000   -16.250
-1200.000   123.000   -16.250
-1200.000  -123.000   -16.250
 1200.000  -123.000    16.250
 1200.000   123.000    16.250
-1200.000   123.000    16.250
-1200.000  -123.000    16.250
-8.129 2235.911 242.416
0.9999932  -0.0004425  -0.0036107  0.0036373  0.1350502  0.9908322  0.0000492  -0.9908385  0.1350509  
//----------------------------------------------------------
T22I
T22F1
BOX 
INSULATOR_TOF$
 1200.000  -122.000   -15.250
 1200.000   122.000   -15.250
-1200.000   122.000   -15.250
-1200.000  -122.000   -15.250
 1200.000  -122.000    15.250
 1200.000   122.000    15.250
-1200.000   122.000    15.250
-1200.000  -122.000    15.250
0.000 0.000 0.000
1.0000000  0.0000000  0.0000000  0.0000000  1.0000000  0.0000000  0.0000000  0.0000000  1.0000000  
//----------------------------------------------------------
T22S1
T22I
BOX 
SCINTILLATOR$
 1182.500   -15.000   -15.000
 1182.500    15.000   -15.000
-1182.500    15.000   -15.000
-1182.500   -15.000   -15.000
 1182.500   -15.000    15.000
 1182.500    15.000    15.000
-1182.500    15.000    15.000
-1182.500   -15.000    15.000
-12.500 -106.750 0.000
1.0000000  0.0000000  0.0000000  0.0000000  1.0000000  0.0000000  0.0000000  0.0000000  1.0000000  
//----------------------------------------------------------
T22S2
T22I
12.500 -76.250 0.000
1.0000000  0.0000000  0.0000000  0.0000000  1.0000000  0.0000000  0.0000000  0.0000000  1.0000000  
//----------------------------------------------------------
T22S3
T22I
-12.500 -45.750 0.000
1.0000000  0.0000000  0.0000000  0.0000000  1.0000000  0.0000000  0.0000000  0.0000000  1.0000000  
//----------------------------------------------------------
T22S5
T22I
-12.500 15.250 0.000
1.0000000  0.0000000  0.0000000  0.0000000  1.0000000  0.0000000  0.0000000  0.0000000  1.0000000  
//----------------------------------------------------------
T22S7
T22I
-12.500 76.250 0.000
1.0000000  0.0000000  0.0000000  0.0000000  1.0000000  0.0000000  0.0000000  0.0000000  1.0000000  
//----------------------------------------------------------
T22S8
T22I
12.500 106.750 0.000
1.0000000  0.0000000  0.0000000  0.0000000  1.0000000  0.0000000  0.0000000  0.0000000  1.0000000  
//----------------------------------------------------------
T22S6
T22I
12.500 45.750 0.000
1.0000000  0.0000000  0.0000000  0.0000000  1.0000000  0.0000000  0.0000000  0.0000000  1.0000000  
//----------------------------------------------------------
T22S4
T22I
12.500 -15.250 0.000
1.0000000  0.0000000  0.0000000  0.0000000  1.0000000  0.0000000  0.0000000  0.0000000  1.0000000  
//----------------------------------------------------------
T15F2
SEC2
12.069 1463.300 1437.622
0.9999670  0.0056669  0.0058138  -0.0081155  0.7174122  0.6966016  -0.0002235  -0.6966259  0.7174344  
//----------------------------------------------------------
T16F2
SEC2
13.142 1598.363 1339.706
0.9999670  0.0051933  0.0062404  -0.0081155  0.6605456  0.7507417  -0.0002235  -0.7507679  0.6605661  
//----------------------------------------------------------
T17F2
SEC2
14.154 1726.001 1230.763
0.9999670  0.0046876  0.0066287  -0.0081155  0.5996070  0.8002535  -0.0002235  -0.8002808  0.5996253  
//----------------------------------------------------------
T18F2
SEC2
15.097 1845.638 1111.017
0.9999670  0.0041774  0.0069617  -0.0081155  0.5379174  0.8429584  -0.0002235  -0.8429874  0.5379334  
//----------------------------------------------------------
T19F2
SEC2
15.625 1916.168 917.888
0.9999670  0.0034909  0.0073299  -0.0081155  0.4546468  0.8906348  -0.0002235  -0.8906651  0.4546600  
//----------------------------------------------------------
T20F2
SEC2
16.650 2048.091 705.859
0.9999670  0.0026387  0.0076780  -0.0081155  0.3509013  0.9363773  -0.0002235  -0.9364087  0.3509114  
//----------------------------------------------------------
T21F2
SEC2
17.465 2155.089 479.722
0.9999670  0.0017525  0.0079273  -0.0081155  0.2426450  0.9700812  -0.0002235  -0.9701135  0.2426513  
//----------------------------------------------------------
T22F2
SEC2
18.069 2235.807 244.378
0.9999670  0.0008722  0.0080720  -0.0081155  0.1347286  0.9908492  -0.0002235  -0.9908823  0.1347311  
//----------------------------------------------------------
T15F3
SEC3
9.364 1449.618 1438.926
0.9999792  0.0046082  0.0044808  -0.0064273  0.7220088  0.6918540  -0.0000470  -0.6918686  0.7220234  
//----------------------------------------------------------
T16F3
SEC3
10.239 1586.194 1341.242
0.9999792  0.0042424  0.0048284  -0.0064273  0.6655007  0.7463694  -0.0000470  -0.7463851  0.6655144  
//----------------------------------------------------------
T17F3
SEC3
11.069 1715.928 1231.540
0.9999792  0.0038502  0.0051464  -0.0064273  0.6048896  0.7962830  -0.0000470  -0.7963000  0.6049020  
//----------------------------------------------------------
T18F3
SEC3
11.850 1838.347 1109.439
0.9999792  0.0034536  0.0054206  -0.0064273  0.5434829  0.8393957  -0.0000470  -0.8394132  0.5434938  
//----------------------------------------------------------
T19F3
SEC3
12.286 1907.989 920.064
0.9999792  0.0029182  0.0057265  -0.0064273  0.4605283  0.8876217  -0.0000470  -0.8876402  0.4605376  
//----------------------------------------------------------
T20F3
SEC3
13.134 2041.162 709.202
0.9999792  0.0022512  0.0060201  -0.0064273  0.3570863  0.9340492  -0.0000470  -0.9340687  0.3570932  
//----------------------------------------------------------
T21F3
SEC3
13.819 2149.532 484.265
0.9999792  0.0015551  0.0062363  -0.0064273  0.2490534  0.9684683  -0.0000470  -0.9684884  0.2490582  
//----------------------------------------------------------
T22F3
SEC3
14.336 2231.605 251.234
0.9999792  0.0008615  0.0063693  -0.0064273  0.1412752  0.9899493  -0.0000470  -0.9899699  0.1412778  
//----------------------------------------------------------
T15F4
SEC4
6.497 1452.839 1453.976
0.9999904  0.0030596  0.0031660  -0.0044001  0.7189437  0.6950542  -0.0001497  -0.6950614  0.7189503  
//----------------------------------------------------------
T16F4
SEC4
7.075 1588.211 1355.344
0.9999904  0.0028017  0.0033964  -0.0044001  0.6621941  0.7493194  -0.0001497  -0.7493272  0.6622001  
//----------------------------------------------------------
T17F4
SEC4
7.624 1715.954 1246.925
0.9999904  0.0025267  0.0036057  -0.0044001  0.6013621  0.7989647  -0.0001497  -0.7989729  0.6013674  
//----------------------------------------------------------
T18F4
SEC4
8.139 1836.993 1125.770
0.9999904  0.0022491  0.0037850  -0.0044001  0.5397640  0.8418049  -0.0001497  -0.8418137  0.5397688  
//----------------------------------------------------------
T19F4
SEC4
8.421 1907.634 933.135
0.9999904  0.0018761  0.0039830  -0.0044001  0.4565954  0.8896635  -0.0001497  -0.8896726  0.4565993  
//----------------------------------------------------------
T20F4
SEC4
8.967 2039.682 722.031
0.9999904  0.0014130  0.0041698  -0.0044001  0.3529478  0.9356327  -0.0001497  -0.9356422  0.3529504  
//----------------------------------------------------------
T21F4
SEC4
9.407 2147.080 496.482
0.9999904  0.0009320  0.0043031  -0.0044001  0.2447622  0.9695730  -0.0001497  -0.9695826  0.2447641  
//----------------------------------------------------------
T22F4
SEC4
9.729 2228.401 260.871
0.9999904  0.0004544  0.0043793  -0.0044001  0.1368886  0.9905767  -0.0001497  -0.9905863  0.1368893  
//----------------------------------------------------------
T15F5
SEC5
-6.560 1460.487 1455.285
0.9999901  -0.0031220  -0.0031661  0.0044453  0.7188480  0.6951531  0.0001054  -0.6951602  0.7188548  
//----------------------------------------------------------
T16F5
SEC5
-7.155 1596.290 1357.187
0.9999901  -0.0028641  -0.0034013  0.0044453  0.6620908  0.7494102  0.0001054  -0.7494181  0.6620971  
//----------------------------------------------------------
T17F5
SEC5
-7.717 1725.350 1246.996
0.9999901  -0.0025883  -0.0036154  0.0044453  0.6012517  0.7990472  0.0001054  -0.7990552  0.6012574  
//----------------------------------------------------------
T18F5
SEC5
-8.234 1844.924 1127.796
0.9999901  -0.0023100  -0.0037993  0.0044453  0.5396476  0.8418792  0.0001054  -0.8418876  0.5396530  
//----------------------------------------------------------
T19F5
SEC5
-8.529 1915.297 935.701
0.9999901  -0.0019351  -0.0040032  0.0044453  0.4564729  0.8897263  0.0001054  -0.8897351  0.4564769  
//----------------------------------------------------------
T20F5
SEC5
-9.094 2047.636 724.040
0.9999901  -0.0014696  -0.0041968  0.0044453  0.3528186  0.9356811  0.0001054  -0.9356905  0.3528219  
//----------------------------------------------------------
T21F5
SEC5
-9.550 2155.252 497.654
0.9999901  -0.0009848  -0.0043360  0.0044453  0.2446286  0.9696065  0.0001054  -0.9696166  0.2446306  
//----------------------------------------------------------
T22F5
SEC5
-9.883 2236.264 263.628
0.9999901  -0.0005032  -0.0044180  0.0044453  0.1367523  0.9905952  0.0001054  -0.9906050  0.1367532  
//----------------------------------------------------------
T15F6
SEC6
-12.121 1461.133 1443.210
0.9999662  -0.0057726  -0.0058280  0.0082007  0.7203207  0.6935927  0.0001944  -0.6936172  0.7203440  
//----------------------------------------------------------
T16F6
SEC6
-13.220 1597.560 1344.927
0.9999662  -0.0052977  -0.0062628  0.0082007  0.6636814  0.7479703  0.0001944  -0.7479967  0.6637025  
//----------------------------------------------------------
T17F6
SEC6
-14.251 1726.171 1235.822
0.9999662  -0.0047898  -0.0066595  0.0082007  0.6029506  0.7977364  0.0001944  -0.7977643  0.6029693  
//----------------------------------------------------------
T18F6
SEC6
-15.211 1845.858 1117.144
0.9999662  -0.0042770  -0.0069998  0.0082007  0.5414400  0.8406994  0.0001944  -0.8407283  0.5414569  
//----------------------------------------------------------
T19F6
SEC6
-15.758 1917.013 923.680
0.9999662  -0.0035863  -0.0073773  0.0082007  0.4583700  0.8887237  0.0001944  -0.8887542  0.4583838  
//----------------------------------------------------------
T20F6
SEC6
-16.804 2049.953 712.833
0.9999662  -0.0027280  -0.0077360  0.0082007  0.3548170  0.9349000  0.0001944  -0.9349319  0.3548275  
//----------------------------------------------------------
T21F6
SEC6
-17.648 2157.785 487.489
0.9999662  -0.0018352  -0.0079954  0.0082007  0.2467026  0.9690563  0.0001944  -0.9690894  0.2467091  
//----------------------------------------------------------
T22F6
SEC6
-18.270 2239.440 252.930
0.9999662  -0.0009467  -0.0081483  0.0082007  0.1388740  0.9902761  0.0001944  -0.9903097  0.1388772  
//----------------------------------------------------------
