//----------------------------------------------------------
TARG1
RTAM
TUBE
GOLDTARGET$
    0.000     0.000    -0.012
    0.000     1.200
    0.000     0.000     0.013
0.000 0.000 385.620
1.0000000  0.0000000  0.0000000  0.0000000  1.0000000  0.0000000  0.0000000  0.0000000  1.0000000  
//----------------------------------------------------------
TARG2
RTAM
0.000 0.000 389.220
1.0000000  0.0000000  0.0000000  0.0000000  1.0000000  0.0000000  0.0000000  0.0000000  1.0000000  
//----------------------------------------------------------
TARG3
RTAM
0.000 0.000 392.820
1.0000000  0.0000000  0.0000000  0.0000000  1.0000000  0.0000000  0.0000000  0.0000000  1.0000000  
//----------------------------------------------------------
TARG4
RTAM
0.000 0.000 396.420
1.0000000  0.0000000  0.0000000  0.0000000  1.0000000  0.0000000  0.0000000  0.0000000  1.0000000  
//----------------------------------------------------------
TARG5
RTAM
0.000 0.000 400.020
1.0000000  0.0000000  0.0000000  0.0000000  1.0000000  0.0000000  0.0000000  0.0000000  1.0000000  
//----------------------------------------------------------
TARG6
RTAM
0.000 0.000 403.620
1.0000000  0.0000000  0.0000000  0.0000000  1.0000000  0.0000000  0.0000000  0.0000000  1.0000000  
//----------------------------------------------------------
TARG7
RTAM
0.000 0.000 407.220
1.0000000  0.0000000  0.0000000  0.0000000  1.0000000  0.0000000  0.0000000  0.0000000  1.0000000  
//----------------------------------------------------------
TARG8
RTAM
0.000 0.000 410.820
1.0000000  0.0000000  0.0000000  0.0000000  1.0000000  0.0000000  0.0000000  0.0000000  1.0000000  
//----------------------------------------------------------
TARG9
RTAM
0.000 0.000 414.420
1.0000000  0.0000000  0.0000000  0.0000000  1.0000000  0.0000000  0.0000000  0.0000000  1.0000000  
//----------------------------------------------------------
TARG10
RTAM
0.000 0.000 418.020
1.0000000  0.0000000  0.0000000  0.0000000  1.0000000  0.0000000  0.0000000  0.0000000  1.0000000  
//----------------------------------------------------------
TARG11
RTAM
0.000 0.000 421.620
1.0000000  0.0000000  0.0000000  0.0000000  1.0000000  0.0000000  0.0000000  0.0000000  1.0000000  
//----------------------------------------------------------
TARG12
RTAM
0.000 0.000 425.220
1.0000000  0.0000000  0.0000000  0.0000000  1.0000000  0.0000000  0.0000000  0.0000000  1.0000000  
//----------------------------------------------------------
TARG13
RTAM
0.000 0.000 428.820
1.0000000  0.0000000  0.0000000  0.0000000  1.0000000  0.0000000  0.0000000  0.0000000  1.0000000  
//----------------------------------------------------------
TARG14
RTAM
0.000 0.000 432.420
1.0000000  0.0000000  0.0000000  0.0000000  1.0000000  0.0000000  0.0000000  0.0000000  1.0000000  
//----------------------------------------------------------
TARG15
RTAM
0.000 0.000 436.020
1.0000000  0.0000000  0.0000000  0.0000000  1.0000000  0.0000000  0.0000000  0.0000000  1.0000000  
//----------------------------------------------------------
TH011
RTAM
TUBS
CARBONFIBRE$
    0.000     0.000     0.000
    9.500    10.000
    0.000     0.000    26.900
    0.000    12.000
0.000 0.000 362.300
1.0000000  0.0000000  0.0000000  0.0000000  1.0000000  0.0000000  0.0000000  0.0000000  1.0000000  
//----------------------------------------------------------
TH021
RTAM
TUBS
CARBONFIBRE$
    0.000     0.000     0.000
    9.500    10.000
    0.000     0.000    34.100
   12.000    24.000
0.000 0.000 362.300
1.0000000  0.0000000  0.0000000  0.0000000  1.0000000  0.0000000  0.0000000  0.0000000  1.0000000  
//----------------------------------------------------------
TH031
RTAM
TUBS
CARBONFIBRE$
    0.000     0.000     0.000
    9.500    10.000
    0.000     0.000    41.300
   24.000    36.000
0.000 0.000 362.300
1.0000000  0.0000000  0.0000000  0.0000000  1.0000000  0.0000000  0.0000000  0.0000000  1.0000000  
//----------------------------------------------------------
TH041
RTAM
TUBS
CARBONFIBRE$
    0.000     0.000     0.000
    9.500    10.000
    0.000     0.000    48.500
   36.000    48.000
0.000 0.000 362.300
1.0000000  0.0000000  0.0000000  0.0000000  1.0000000  0.0000000  0.0000000  0.0000000  1.0000000  
//----------------------------------------------------------
TH051
RTAM
TUBS
CARBONFIBRE$
    0.000     0.000     0.000
    9.500    10.000
    0.000     0.000    55.700
   48.000    60.000
0.000 0.000 362.300
1.0000000  0.0000000  0.0000000  0.0000000  1.0000000  0.0000000  0.0000000  0.0000000  1.0000000  
//----------------------------------------------------------
TH061
RTAM
TUBS
CARBONFIBRE$
    0.000     0.000     0.000
    9.500    10.000
    0.000     0.000    62.900
   60.000    72.000
0.000 0.000 362.300
1.0000000  0.0000000  0.0000000  0.0000000  1.0000000  0.0000000  0.0000000  0.0000000  1.0000000  
//----------------------------------------------------------
THH1
TH061
TUBS
AIR_100MBAR$
    0.000     0.000    35.000
    9.500    10.000
    0.000     0.000    41.000
   60.000    72.000
0.000 0.000 0.000
1.0000000  0.0000000  0.0000000  0.0000000  1.0000000  0.0000000  0.0000000  0.0000000  1.0000000  
//----------------------------------------------------------
TH071
RTAM
TUBS
CARBONFIBRE$
    0.000     0.000     0.000
    9.500    10.000
    0.000     0.000    70.100
   72.000    84.000
0.000 0.000 362.300
1.0000000  0.0000000  0.0000000  0.0000000  1.0000000  0.0000000  0.0000000  0.0000000  1.0000000  
//----------------------------------------------------------
THH2
TH071
TUBS
AIR_100MBAR$
    0.000     0.000    33.420
    9.500    10.000
    0.000     0.000    42.580
   72.000    84.000
0.000 0.000 0.000
1.0000000  0.0000000  0.0000000  0.0000000  1.0000000  0.0000000  0.0000000  0.0000000  1.0000000  
//----------------------------------------------------------
TH081
RTAM
TUBS
CARBONFIBRE$
    0.000     0.000     0.000
    9.500    10.000
    0.000     0.000    73.700
   84.000    96.000
0.000 0.000 362.300
1.0000000  0.0000000  0.0000000  0.0000000  1.0000000  0.0000000  0.0000000  0.0000000  1.0000000  
//----------------------------------------------------------
THH3
TH081
TUBS
AIR_100MBAR$
    0.000     0.000    33.000
    9.500    10.000
    0.000     0.000    43.000
   84.000    96.000
0.000 0.000 0.000
1.0000000  0.0000000  0.0000000  0.0000000  1.0000000  0.0000000  0.0000000  0.0000000  1.0000000  
//----------------------------------------------------------
TH091
RTAM
TUBS
CARBONFIBRE$
    0.000     0.000     0.000
    9.500    10.000
    0.000     0.000    66.500
   96.000   108.000
0.000 0.000 362.300
1.0000000  0.0000000  0.0000000  0.0000000  1.0000000  0.0000000  0.0000000  0.0000000  1.0000000  
//----------------------------------------------------------
THH4
TH091
TUBS
AIR_100MBAR$
    0.000     0.000    33.420
    9.500    10.000
    0.000     0.000    42.580
   96.000   108.000
0.000 0.000 0.000
1.0000000  0.0000000  0.0000000  0.0000000  1.0000000  0.0000000  0.0000000  0.0000000  1.0000000  
//----------------------------------------------------------
TH101
RTAM
TUBS
CARBONFIBRE$
    0.000     0.000     0.000
    9.500    10.000
    0.000     0.000    59.300
  108.000   120.000
0.000 0.000 362.300
1.0000000  0.0000000  0.0000000  0.0000000  1.0000000  0.0000000  0.0000000  0.0000000  1.0000000  
//----------------------------------------------------------
THH5
TH101
TUBS
AIR_100MBAR$
    0.000     0.000    35.000
    9.500    10.000
    0.000     0.000    41.000
  108.000   120.000
0.000 0.000 0.000
1.0000000  0.0000000  0.0000000  0.0000000  1.0000000  0.0000000  0.0000000  0.0000000  1.0000000  
//----------------------------------------------------------
TH111
RTAM
TUBS
CARBONFIBRE$
    0.000     0.000     0.000
    9.500    10.000
    0.000     0.000    52.100
  120.000   132.000
0.000 0.000 362.300
1.0000000  0.0000000  0.0000000  0.0000000  1.0000000  0.0000000  0.0000000  0.0000000  1.0000000  
//----------------------------------------------------------
TH121
RTAM
TUBS
CARBONFIBRE$
    0.000     0.000     0.000
    9.500    10.000
    0.000     0.000    44.900
  132.000   144.000
0.000 0.000 362.300
1.0000000  0.0000000  0.0000000  0.0000000  1.0000000  0.0000000  0.0000000  0.0000000  1.0000000  
//----------------------------------------------------------
TH131
RTAM
TUBS
CARBONFIBRE$
    0.000     0.000     0.000
    9.500    10.000
    0.000     0.000    37.700
  144.000   156.000
0.000 0.000 362.300
1.0000000  0.0000000  0.0000000  0.0000000  1.0000000  0.0000000  0.0000000  0.0000000  1.0000000  
//----------------------------------------------------------
TH141
RTAM
TUBS
CARBONFIBRE$
    0.000     0.000     0.000
    9.500    10.000
    0.000     0.000    30.500
  156.000   168.000
0.000 0.000 362.300
1.0000000  0.0000000  0.0000000  0.0000000  1.0000000  0.0000000  0.0000000  0.0000000  1.0000000  
//----------------------------------------------------------
TH151
RTAM
TUBS
CARBONFIBRE$
    0.000     0.000     0.000
    9.500    10.000
    0.000     0.000    23.300
  168.000   180.000
0.000 0.000 362.300
1.0000000  0.0000000  0.0000000  0.0000000  1.0000000  0.0000000  0.0000000  0.0000000  1.0000000  
//----------------------------------------------------------
TH012
RTAM
0.000 0.000 362.300
-1.0000000  0.0000000  0.0000000  0.0000000  -1.0000000  0.0000000  0.0000000  0.0000000  1.0000000  
//----------------------------------------------------------
TH022
RTAM
0.000 0.000 362.300
-1.0000000  0.0000000  0.0000000  0.0000000  -1.0000000  0.0000000  0.0000000  0.0000000  1.0000000  
//----------------------------------------------------------
TH032
RTAM
0.000 0.000 362.300
-1.0000000  0.0000000  0.0000000  0.0000000  -1.0000000  0.0000000  0.0000000  0.0000000  1.0000000  
//----------------------------------------------------------
TH042
RTAM
0.000 0.000 362.300
-1.0000000  0.0000000  0.0000000  0.0000000  -1.0000000  0.0000000  0.0000000  0.0000000  1.0000000  
//----------------------------------------------------------
TH052
RTAM
0.000 0.000 362.300
-1.0000000  0.0000000  0.0000000  0.0000000  -1.0000000  0.0000000  0.0000000  0.0000000  1.0000000  
//----------------------------------------------------------
TH062
RTAM
0.000 0.000 362.300
-1.0000000  0.0000000  0.0000000  0.0000000  -1.0000000  0.0000000  0.0000000  0.0000000  1.0000000  
//----------------------------------------------------------
TH072
RTAM
0.000 0.000 362.300
-1.0000000  0.0000000  0.0000000  0.0000000  -1.0000000  0.0000000  0.0000000  0.0000000  1.0000000  
//----------------------------------------------------------
TH082
RTAM
0.000 0.000 362.300
-1.0000000  0.0000000  0.0000000  0.0000000  -1.0000000  0.0000000  0.0000000  0.0000000  1.0000000  
//----------------------------------------------------------
TH092
RTAM
0.000 0.000 362.300
-1.0000000  0.0000000  0.0000000  0.0000000  -1.0000000  0.0000000  0.0000000  0.0000000  1.0000000  
//----------------------------------------------------------
TH102
RTAM
0.000 0.000 362.300
-1.0000000  0.0000000  0.0000000  0.0000000  -1.0000000  0.0000000  0.0000000  0.0000000  1.0000000  
//----------------------------------------------------------
TH112
RTAM
0.000 0.000 362.300
-1.0000000  0.0000000  0.0000000  0.0000000  -1.0000000  0.0000000  0.0000000  0.0000000  1.0000000  
//----------------------------------------------------------
TH122
RTAM
0.000 0.000 362.300
-1.0000000  0.0000000  0.0000000  0.0000000  -1.0000000  0.0000000  0.0000000  0.0000000  1.0000000  
//----------------------------------------------------------
TH132
RTAM
0.000 0.000 362.300
-1.0000000  0.0000000  0.0000000  0.0000000  -1.0000000  0.0000000  0.0000000  0.0000000  1.0000000  
//----------------------------------------------------------
TH142
RTAM
0.000 0.000 362.300
-1.0000000  0.0000000  0.0000000  0.0000000  -1.0000000  0.0000000  0.0000000  0.0000000  1.0000000  
//----------------------------------------------------------
TH152
RTAM
0.000 0.000 362.300
-1.0000000  0.0000000  0.0000000  0.0000000  -1.0000000  0.0000000  0.0000000  0.0000000  1.0000000  
//----------------------------------------------------------
TABK1
RTAM
BOX 
KAPTON$
   10.000    -1.000     0.000
   10.000     1.000     0.000
  -10.000     1.000     0.000
  -10.000    -1.000     0.000
   10.000    -1.000     0.008
   10.000     1.000     0.008
  -10.000     1.000     0.008
  -10.000    -1.000     0.008
0.000 0.000 389.200
0.9945220  -0.1045280  0.0000000  0.1045280  0.9945220  0.0000000  0.0000000  0.0000000  1.0000000  
//----------------------------------------------------------
TABH
TABK1
TUBE
AIR_100MBAR$
    0.000     0.000     0.000
    0.000     0.900
    0.000     0.000     0.008
0.000 0.000 0.000
1.0000000  0.0000000  0.0000000  0.0000000  1.0000000  0.0000000  0.0000000  0.0000000  1.0000000  
//----------------------------------------------------------
TABK2
RTAM
0.000 0.000 396.400
0.9510570  -0.3090170  0.0000000  0.3090170  0.9510570  0.0000000  0.0000000  0.0000000  1.0000000  
//----------------------------------------------------------
TABK3
RTAM
0.000 0.000 403.600
0.8660250  -0.5000000  0.0000000  0.5000000  0.8660250  0.0000000  0.0000000  0.0000000  1.0000000  
//----------------------------------------------------------
TABK4
RTAM
0.000 0.000 410.800
0.7431450  -0.6691310  0.0000000  0.6691310  0.7431450  0.0000000  0.0000000  0.0000000  1.0000000  
//----------------------------------------------------------
TABK5
RTAM
0.000 0.000 418.000
0.5877850  -0.8090170  0.0000000  0.8090170  0.5877850  0.0000000  0.0000000  0.0000000  1.0000000  
//----------------------------------------------------------
TABK6
RTAM
0.000 0.000 425.200
0.4067370  -0.9135450  0.0000000  0.9135450  0.4067370  0.0000000  0.0000000  0.0000000  1.0000000  
//----------------------------------------------------------
TABK7
RTAM
0.000 0.000 432.400
0.2079120  -0.9781480  0.0000000  0.9781480  0.2079120  0.0000000  0.0000000  0.0000000  1.0000000  
//----------------------------------------------------------
TABK8
RTAM
0.000 0.000 436.000
0.0000000  -1.0000000  0.0000000  1.0000000  0.0000000  0.0000000  0.0000000  0.0000000  1.0000000  
//----------------------------------------------------------
TABK9
RTAM
0.000 0.000 428.800
-0.2079120  -0.9781480  0.0000000  0.9781480  -0.2079120  0.0000000  0.0000000  0.0000000  1.0000000  
//----------------------------------------------------------
TABK10
RTAM
0.000 0.000 421.600
-0.4067370  -0.9135450  0.0000000  0.9135450  -0.4067370  0.0000000  0.0000000  0.0000000  1.0000000  
//----------------------------------------------------------
TABK11
RTAM
0.000 0.000 414.400
-0.5877850  -0.8090170  0.0000000  0.8090170  -0.5877850  0.0000000  0.0000000  0.0000000  1.0000000  
//----------------------------------------------------------
TABK12
RTAM
0.000 0.000 407.200
-0.7431450  -0.6691310  0.0000000  0.6691310  -0.7431450  0.0000000  0.0000000  0.0000000  1.0000000  
//----------------------------------------------------------
TABK13
RTAM
0.000 0.000 400.000
-0.8660250  -0.5000000  0.0000000  0.5000000  -0.8660250  0.0000000  0.0000000  0.0000000  1.0000000  
//----------------------------------------------------------
TABK14
RTAM
0.000 0.000 392.800
-0.9510570  -0.3090170  0.0000000  0.3090170  -0.9510570  0.0000000  0.0000000  0.0000000  1.0000000  
//----------------------------------------------------------
TABK15
RTAM
0.000 0.000 385.600
-0.9945220  -0.1045280  0.0000000  0.1045280  -0.9945220  0.0000000  0.0000000  0.0000000  1.0000000  
//----------------------------------------------------------
